1,6
2,3
3,11
4,4
5,6
6,4
7,7
8,4
9,10
10,4
11,5
12,5
13,7
14,4
15,6
16,4
17,13
18,5
19,6
20,4
21,7
22,4
23,8
24,4
25,5
26,6
27,10
28,4
29,5
30,6
31,4
32,7
33,5
34,4
35,10
36,4
37,5
38,5
39,17
40,4
41,6
42,4
43,7
44,4
45,6
46,7
47,4
48,5
49,8
50,4
51,5
52,8
53,5
54,4
55,9
56,4
57,5
58,6
59,4
60,9
61,6
62,5
63,4
64,8
65,4
66,6
67,4
68,13
69,5
70,4
71,7
72,7
73,5
74,4
75,7
76,4
77,7
78,4
79,11
80,5
81,4
82,7
83,6
84,4
85,7
86,4
87,5
88,9
89,4
90,12
91,4
92,6
93,4
94,6
95,7
96,4
97,6
98,5
99,5
100,4
101,11
102,5
103,4
104,8
105,5
106,5
107,4
108,13
109,4
110,6
111,4
112,6
113,4
114,7
115,6
116,6
117,6
118,6
119,6
120,6
121,6
122,6
123,6
124,6
125,7
126,5
127,7
128,6
129,6
130,6
131,5
132,7
133,6
134,6
135,6
136,6
137,6
138,6
139,6
140,6
141,6
142,6
143,6
144,6
145,6
146,6
147,7
148,6
149,6
150,7
151,6
152,6
153,6
154,6
155,6
156,6
157,6
158,5
159,6
160,6
161,6
162,6
163,6
164,6
165,6
166,6
167,6
168,6
169,6
170,6
171,6
172,6
173,6
174,6
175,6
176,6
177,6
178,6
179,6
180,6
181,6
182,6
183,6
184,6
185,6
186,6
187,6
188,6
189,6
190,6
191,6
192,6
193,6
194,6
195,6
196,6
197,6
198,6
199,6
200,6
201,6
202,5
203,6
204,6
205,6
206,6
207,6
208,6
209,6
210,6
211,7
212,5
213,7
214,6
215,5
216,6
217,7
218,6
219,6
220,6
221,6
222,6
223,6
224,9
225,5
226,6
227,6
228,6
229,6
230,6
231,6
232,6
233,6
234,6
235,6
236,5
237,6
238,6
239,6
240,6
241,6
242,6
243,6
244,6
245,6
246,6
247,6
248,6
249,6
250,6
251,6
252,6
253,6
254,6
255,7
256,5
257,6
258,6
259,5
260,6
261,6
262,6
263,6
264,6
265,6
266,6
267,7
268,5
269,6
270,7
271,7
272,6
273,6
274,6
275,6
276,6
277,6
278,6
279,6
280,6
281,6
282,6
283,6
284,6
285,6
286,6
287,6
288,6
289,6
290,6
291,6
292,6
293,6
294,6
295,5
296,7
297,6
298,6
299,6
300,6
301,6
302,6
303,6
304,6
305,6
306,6
307,6
308,6
309,6
310,6
311,6
312,6
313,6
314,7
315,7
316,5
317,6
318,6
319,6
320,6
321,6
322,6
323,5
324,7
325,5
326,6
327,6
328,6
329,5
330,7
331,5
332,6
333,6
334,6
335,6
336,4
337,8
338,6
339,6
340,5
341,7
342,6
343,6
344,6
345,7
346,5
347,7
348,5
349,6
350,6
351,6
352,6
353,6
354,7
355,6
356,6
357,5
358,6
359,6
360,6
361,6
362,6
363,6
364,6
365,6
366,6
367,6
368,7
369,6
370,6
371,5
372,7
373,5
374,6
375,7
376,6
377,6
378,5
379,7
380,6
381,5
382,6
383,6
384,6
385,6
386,6
387,6
388,6
389,6
390,6
391,6
392,6
393,6
394,7
395,5
396,7
397,6
398,6
399,6
400,6
401,6
402,6
403,6
404,6
405,6
406,7
407,6
408,5
409,6
410,6
411,6
412,6
413,6
414,6
415,6
416,6
417,6
418,6
419,6
420,6
421,6
422,6
423,6
424,6
425,7
426,6
427,5
428,7
429,6
430,6
431,6
432,6
433,6
434,6
435,6
436,6
437,6
438,7
439,5
440,7
441,5
442,7
443,6
444,6
445,5
446,6
447,5
448,5
449,6
450,7
451,6
452,5
453,6
454,6
455,6
456,5
457,7
458,6
459,7
460,6
461,6
462,6
463,6
464,5
465,6
466,6
467,6
468,6
469,7
470,6
471,6
472,6
473,6
474,5
475,5
476,7
477,6
478,6
479,6
480,6
481,6
482,7
483,6
484,6
485,6
486,6
487,5
488,6
489,5
490,7
491,6
492,6
493,6
494,6
495,6
496,6
497,6
498,6
499,6
500,6
501,7
502,5
503,6
504,6
505,6
506,5
507,6
508,5
509,6
510,6
511,6
512,6
513,6
514,7
515,5
516,7
517,5
518,6
519,6
520,6
521,6
522,6
523,6
524,6
525,5
526,7
527,6
528,6
529,6
530,6
531,6
532,6
533,6
534,6
535,6
536,6
537,5
538,6
539,6
540,6
541,6
542,6
543,6
544,7
545,6
546,5
547,7
548,5
549,7
550,5
551,6
552,6
553,6
554,6
555,6
556,6
557,6
558,6
559,5
560,4
561,6
562,6
563,6
564,6
565,5
566,7
567,6
568,6
569,6
570,6
571,6
572,5
573,6
574,6
575,6
576,6
577,6
578,6
579,7
580,6
581,6
582,6
583,6
584,6
585,6
586,6
587,7
588,7
589,6
590,5
591,6
592,6
593,6
594,5
595,6
596,6
597,6
598,6
599,6
600,6
601,7
602,5
603,6
604,6
605,6
606,6
607,6
608,6
609,6
610,6
611,6
612,6
613,6
614,5
615,7
616,6
617,6
618,6
619,7
620,6
621,6
622,6
623,6
624,6
625,6
626,6
627,6
628,5
629,7
630,6
631,6
632,6
633,6
634,7
635,6
636,7
637,5
638,6
639,6
640,6
641,6
642,6
643,6
644,6
645,6
646,6
647,6
648,7
649,5
650,6
651,6
652,6
653,6
654,6
655,5
656,6
657,6
658,7
659,5
660,7
661,5
662,7
663,5
664,7
665,6
666,6
667,6
668,6
669,6
670,6
671,6
672,7
673,6
674,7
675,5
676,6
677,7
678,6
679,6
680,6
681,6
682,6
683,6
684,7
685,6
686,6
687,6
688,6
689,6
690,6
691,5
692,5
693,6
694,7
695,5
696,6
697,6
698,6
699,6
700,5
701,6
702,6
703,6
704,6
705,6
706,6
707,6
708,6
709,6
710,6
711,6
712,6
713,6
714,5
715,7
716,6
717,6
718,6
719,6
720,6
721,6
722,6
723,6
724,6
725,6
726,6
727,7
728,6
729,6
730,6
731,6
732,6
733,6
734,6
735,6
736,6
737,6
738,6
739,6
740,5
741,7
742,6
743,6
744,6
745,6
746,6
747,5
748,6
749,5
750,6
751,6
752,6
753,6
754,6
755,6
756,6
757,6
758,6
759,6
760,6
761,6
762,6
763,6
764,6
765,6
766,6
767,6
768,6
769,5
770,6
771,6
772,6
773,6
774,6
775,6
776,7
777,6
778,6
779,6
780,6
781,6
782,6
783,6
784,5
785,5
786,6
787,6
788,6
789,6
790,6
791,6
792,6
793,6
794,6
795,7
796,5
797,6
798,6
799,6
800,5
801,7
802,5
803,7
804,6
805,6
806,6
807,6
808,6
809,6
810,6
811,7
812,6
813,6
814,6
815,6
816,6
817,6
818,6
819,6
820,6
821,6
822,6
823,6
824,6
825,6
826,6
827,6
828,6
829,6
830,6
831,6
832,6
833,6
834,6
835,6
836,6
837,6
838,5
839,7
840,5
841,6
842,6
843,6
844,6
845,6
846,6
847,6
848,6
849,6
850,6
851,6
852,6
853,6
854,6
855,6
856,6
857,6
858,6
859,6
860,7
861,7
862,7
863,6
864,6
865,6
866,7
867,5
868,6
869,6
870,6
871,6
872,6
873,6
874,6
875,6
876,6
877,6
878,6
879,6
880,7
881,6
882,6
883,6
884,6
885,6
886,6
887,6
888,5
889,6
890,5
891,6
892,6
893,6
894,7
895,5
896,6
897,11
898,5
899,6
900,5
901,7
902,6
903,5
904,6
905,6
906,6
907,6
908,6
909,6
910,6
911,6
912,7
913,5
914,7
915,6
916,6
917,6
918,6
919,7
920,5
921,5
922,7
923,6
924,5
925,6
926,6
927,6
928,6
929,6
930,6
931,6
932,6
933,6
934,6
935,7
936,6
937,6
938,6
939,6
940,6
941,6
942,6
943,6
944,5
945,7
946,6
947,6
948,6
949,6
950,6
951,6
952,6
953,6
954,6
955,7
956,5
957,6
958,6
959,6
960,6
961,6
962,6
963,6
964,6
965,6
966,6
967,6
968,6
969,6
970,5
971,6
972,6
973,5
974,5
975,5
976,6
977,7
978,6
979,5
980,7
981,6
982,6
983,6
984,6
985,6
986,6
987,6
988,6
989,7
990,5
991,7
992,5
993,6
994,6
995,6
996,6
997,6
998,6
999,6
1000,6
1001,5
1002,7
1003,6
1004,7
1005,5
1006,7
1007,5
1008,6
1009,7
1010,5
1011,5
1012,6
1013,6
1014,6
1015,6
1016,6
1017,6
1018,6
1019,5
1020,7
1021,5
1022,6
1023,6
1024,5
1025,6
1026,6
1027,6
1028,6
1029,6
1030,6
1031,5
1032,7
1033,6
1034,6
1035,6
1036,6
1037,6
1038,6
1039,6
1040,6
1041,6
1042,6
1043,6
1044,7
1045,5
1046,6
1047,5
1048,6
1049,6
1050,6
1051,6
1052,6
1053,7
1054,6
1055,6
1056,6
1057,6
1058,5
1059,7
1060,6
1061,6
1062,6
1063,5
1064,6
1065,6
1066,6
1067,6
1068,6
1069,6
1070,6
1071,6
1072,6
1073,6
1074,6
1075,6
1076,6
1077,6
1078,6
1079,6
1080,6
1081,7
1082,5
1083,7
1084,6
1085,6
1086,7
1087,6
1088,6
1089,5
1090,6
1091,6
1092,6
1093,6
1094,6
1095,6
1096,6
1097,6
1098,6
1099,6
1100,6
1101,5
1102,7
1103,6
1104,6
1105,6
1106,6
1107,6
1108,6
1109,6
1110,6
1111,7
1112,6
1113,6
1114,6
1115,7
1116,5
1117,6
1118,6
1119,6
1120,6
1121,9
1122,4
1123,6
1124,6
1125,6
1126,7
1127,5
1128,6
1129,6
1130,7
1131,5
1132,7
1133,6
1134,6
1135,7
1136,5
1137,6
1138,7
1139,5
1140,6
1141,6
1142,6
1143,6
1144,6
1145,6
1146,6
1147,7
1148,6
1149,6
1150,6
1151,6
1152,6
1153,5
1154,6
1155,6
1156,6
1157,6
1158,7
1159,6
1160,6
1161,6
1162,6
1163,6
1164,6
1165,6
1166,6
1167,6
1168,6
1169,6
1170,6
1171,6
1172,6
1173,5
1174,7
1175,6
1176,6
1177,5
1178,7
1179,6
1180,6
1181,6
1182,6
1183,6
1184,6
1185,6
1186,6
1187,6
1188,6
1189,6
1190,6
1191,6
1192,6
1193,5
1194,7
1195,6
1196,6
1197,6
1198,6
1199,6
1200,6
1201,6
1202,6
1203,6
1204,6
1205,6
1206,6
1207,6
1208,6
1209,6
1210,6
1211,6
1212,6
1213,6
1214,5
1215,7
1216,6
1217,6
1218,6
1219,6
1220,6
1221,6
1222,6
1223,6
1224,6
1225,6
1226,6
1227,6
1228,6
1229,6
1230,6
1231,5
1232,5
1233,13
1234,7
1235,6
1236,6
1237,6
1238,7
1239,6
1240,6
1241,6
1242,6
1243,6
1244,5
1245,6
1246,6
1247,6
1248,6
1249,6
1250,7
1251,6
1252,6
1253,7
1254,6
1255,6
1256,7
1257,5
1258,5
1259,6
1260,6
1261,6
1262,6
1263,6
1264,7
1265,7
1266,5
1267,6
1268,6
1269,5
1270,6
1271,6
1272,6
1273,6
1274,5
1275,5
1276,7
1277,6
1278,6
1279,6
1280,6
1281,6
1282,6
1283,7
1284,6
1285,6
1286,6
1287,7
1288,5
1289,6
1290,6
1291,6
1292,6
1293,6
1294,6
1295,6
1296,6
1297,6
1298,6
1299,6
1300,6
1301,6
1302,7
1303,5
1304,6
1305,6
1306,6
1307,6
1308,6
1309,6
1310,6
1311,6
1312,6
1313,6
1314,6
1315,6
1316,6
1317,6
1318,6
1319,6
1320,6
1321,6
1322,6
1323,6
1324,7
1325,5
1326,6
1327,6
1328,6
1329,6
1330,5
1331,7
1332,5
1333,6
1334,6
1335,5
1336,6
1337,6
1338,6
1339,6
1340,6
1341,6
1342,5
1343,4
1344,7
1345,5
1346,6
1347,6
1348,6
1349,6
1350,5
1351,6
1352,6
1353,6
1354,6
1355,6
1356,7
1357,6
1358,6
1359,6
1360,6
1361,6
1362,5
1363,6
1364,5
1365,6
1366,5
1367,6
1368,5
1369,7
1370,6
1371,6
1372,6
1373,6
1374,6
1375,5
1376,6
1377,6
1378,6
1379,6
1380,7
1381,6
1382,6
1383,6
1384,6
1385,7
1386,6
1387,6
1388,6
1389,6
1390,6
1391,6
1392,6
1393,7
1394,5
1395,6
1396,7
1397,6
1398,6
1399,6
1400,7
1401,5
1402,7
1403,6
1404,6
1405,6
1406,6
1407,6
1408,6
1409,6
1410,6
1411,6
1412,6
1413,6
1414,6
1415,6
1416,6
1417,6
1418,6
1419,6
1420,6
1421,6
1422,6
1423,7
1424,5
1425,6
1426,6
1427,6
1428,6
1429,6
1430,6
1431,6
1432,6
1433,6
1434,6
1435,6
1436,6
1437,6
1438,6
1439,6
1440,6
1441,7
1442,6
1443,6
1444,7
1445,6
1446,6
1447,6
1448,6
1449,6
1450,7
1451,5
1452,7
1453,6
1454,5
1455,6
1456,6
1457,6
1458,6
1459,5
1460,7
1461,6
1462,6
1463,6
1464,6
1465,6
1466,6
1467,6
1468,6
1469,6
1470,5
1471,6
1472,6
1473,6
1474,6
1475,6
1476,7
1477,6
1478,6
1479,6
1480,6
1481,6
1482,6
1483,6
1484,7
1485,6
1486,6
1487,6
1488,6
1489,6
1490,6
1491,6
1492,6
1493,6
1494,5
1495,6
1496,6
1497,6
1498,6
1499,6
1500,6
1501,5
1502,6
1503,6
1504,6
1505,5
1506,6
1507,6
1508,6
1509,5
1510,5
1511,6
1512,6
1513,5
1514,7
1515,6
1516,6
1517,6
1518,6
1519,6
1520,7
1521,6
1522,6
1523,6
1524,6
1525,6
1526,6
1527,6
1528,6
1529,6
1530,7
1531,5
1532,6
1533,6
1534,6
1535,6
1536,6
1537,6
1538,6
1539,6
1540,6
1541,6
1542,6
1543,6
1544,6
1545,6
1546,5
1547,6
1548,6
1549,6
1550,6
1551,5
1552,5
1553,6
1554,6
1555,6
1556,6
1557,6
1558,6
1559,6
1560,6
1561,6
1562,5
1563,5
1564,8
1565,5
1566,7
1567,5
1568,6
1569,7
1570,6
1571,6
1572,6
1573,6
1574,6
1575,6
1576,6
1577,6
1578,6
1579,6
1580,7
1581,7
1582,6
1583,7
1584,6
1585,6
1586,6
1587,6
1588,7
1589,6
1590,6
1591,6
1592,6
1593,5
1594,6
1595,6
1596,6
1597,6
1598,6
1599,6
1600,6
1601,6
1602,6
1603,7
1604,6
1605,6
1606,5
1607,6
1608,7
1609,5
1610,7
1611,6
1612,5
1613,6
1614,6
1615,6
1616,6
1617,6
1618,7
1619,7
1620,6
1621,6
1622,7
1623,5
1624,6
1625,6
1626,6
1627,6
1628,6
1629,6
1630,5
1631,6
1632,6
1633,6
1634,7
1635,5
1636,6
1637,6
1638,6
1639,6
1640,6
1641,6
1642,6
1643,6
1644,6
1645,6
1646,7
1647,5
1648,7
1649,5
1650,7
1651,6
1652,6
1653,6
1654,6
1655,6
1656,7
1657,6
1658,6
1659,6
1660,6
1661,7
1662,6
1663,6
1664,6
1665,6
1666,6
1667,6
1668,6
1669,6
1670,6
1671,7
1672,4
1673,4
1674,7
1675,6
1676,7
1677,5
1678,6
1679,6
1680,6
1681,6
1682,6
1683,6
1684,6
1685,6
1686,6
1687,6
1688,6
1689,6
1690,5
1691,5
1692,7
1693,5
1694,6
1695,6
1696,6
1697,5
1698,6
1699,6
1700,6
1701,6
1702,7
1703,6
1704,6
1705,6
1706,6
1707,6
1708,6
1709,6
1710,6
1711,6
1712,6
1713,5
1714,7
1715,6
1716,6
1717,6
1718,6
1719,6
1720,6
1721,7
1722,6
1723,6
1724,6
1725,6
1726,5
1727,5
1728,6
1729,6
1730,6
1731,6
1732,6
1733,6
1734,5
1735,6
1736,6
1737,6
1738,6
1739,6
1740,6
1741,6
1742,5
1743,6
1744,7
1745,6
1746,6
1747,6
1748,6
1749,6
1750,6
1751,6
1752,6
1753,6
1754,6
1755,6
1756,7
1757,5
1758,7
1759,5
1760,6
1761,6
1762,6
1763,6
1764,6
1765,6
1766,6
1767,7
1768,6
1769,7
1770,6
1771,6
1772,6
1773,6
1774,6
1775,6
1776,6
1777,6
1778,6
1779,6
1780,6
1781,6
1782,8
1783,5
1784,6
1785,6
1786,5
1787,6
1788,6
1789,6
1790,6
1791,6
1792,5
1793,7
1794,6
1795,6
1796,6
1797,6
1798,6
1799,6
1800,6
1801,6
1802,6
1803,6
1804,6
1805,6
1806,6
1807,6
1808,6
1809,6
1810,6
1811,6
1812,6
1813,6
1814,5
1815,6
1816,6
1817,6
1818,6
1819,6
1820,7
1821,6
1822,6
1823,6
1824,6
1825,6
1826,6
1827,6
1828,6
1829,6
1830,6
1831,6
1832,6
1833,6
1834,6
1835,6
1836,6
1837,6
1838,7
1839,6
1840,6
1841,6
1842,6
1843,6
1844,7
1845,7
1846,6
1847,6
1848,6
1849,6
1850,6
1851,7
1852,6
1853,7
1854,6
1855,6
1856,5
1857,6
1858,6
1859,6
1860,6
1861,6
1862,6
1863,6
1864,6
1865,6
1866,6
1867,5
1868,6
1869,6
1870,6
1871,6
1872,6
1873,6
1874,6
1875,6
1876,6
1877,6
1878,5
1879,6
1880,5
1881,6
1882,5
1883,6
1884,7
1885,6
1886,6
1887,6
1888,6
1889,6
1890,6
1891,6
1892,6
1893,5
1894,6
1895,7
1896,6
1897,6
1898,7
1899,6
1900,7
1901,6
1902,6
1903,7
1904,6
1905,5
1906,6
1907,7
1908,6
1909,6
1910,6
1911,6
1912,6
1913,6
1914,6
1915,6
1916,6
1917,6
1918,6
1919,6
1920,6
1921,7
1922,5
1923,6
1924,6
1925,7
1926,6
1927,6
1928,6
1929,6
1930,6
1931,5
1932,6
1933,6
1934,6
1935,6
1936,6
1937,6
1938,6
1939,6
1940,6
1941,7
1942,5
1943,6
1944,6
1945,6
1946,6
1947,6
1948,6
1949,6
1950,6
1951,6
1952,6
1953,6
1954,5
1955,6
1956,5
1957,6
1958,6
1959,6
1960,6
1961,5
1962,6
1963,6
1964,6
1965,6
1966,6
1967,5
1968,7
1969,6
1970,6
1971,6
1972,5
1973,6
1974,6
1975,6
1976,6
1977,6
1978,6
1979,6
1980,6
1981,6
1982,6
1983,6
1984,6
1985,6
1986,6
1987,6
1988,6
1989,6
1990,7
1991,5
1992,7
1993,7
1994,5
1995,5
1996,6
1997,6
1998,6
1999,6
2000,6
2001,6
2002,6
2003,7
2004,6
2005,4
2006,5
2007,5
2008,6
2009,6
2010,5
2011,6
2012,5
2013,6
2014,6
2015,5
2016,6
2017,6
2018,6
2019,5
2020,6
2021,6
2022,6
2023,6
2024,6
2025,6
2026,6
2027,6
2028,6
2029,6
2030,6
2031,6
2032,6
2033,6
2034,6
2035,7
2036,5
2037,6
2038,6
2039,6
2040,6
2041,6
2042,6
2043,6
2044,6
2045,6
2046,6
2047,6
2048,6
2049,6
2050,6
2051,6
2052,6
2053,6
2054,6
2055,6
2056,6
2057,6
2058,6
2059,6
2060,6
2061,6
2062,6
2063,6
2064,6
2065,6
2066,7
2067,6
2068,6
2069,6
2070,6
2071,6
2072,7
2073,6
2074,6
2075,6
2076,6
2077,5
2078,7
2079,6
2080,6
2081,6
2082,6
2083,6
2084,7
2085,6
2086,6
2087,6
2088,6
2089,6
2090,6
2091,6
2092,6
2093,6
2094,6
2095,6
2096,6
2097,6
2098,6
2099,6
2100,6
2101,5
2102,6
2103,6
2104,6
2105,5
2106,6
2107,7
2108,6
2109,6
2110,6
2111,6
2112,6
2113,6
2114,6
2115,5
2116,6
2117,5
2118,7
2119,6
2120,6
2121,6
2122,7
2123,6
2124,7
2125,6
2126,7
2127,6
2128,6
2129,7
2130,5
2131,6
2132,6
2133,6
2134,6
2135,6
2136,6
2137,6
2138,6
2139,6
2140,7
2141,6
2142,6
2143,6
2144,6
2145,6
2146,5
2147,7
2148,6
2149,6
2150,6
2151,6
2152,6
2153,6
2154,6
2155,5
2156,7
2157,6
2158,6
2159,6
2160,6
2161,6
2162,6
2163,6
2164,6
2165,6
2166,6
2167,7
2168,6
2169,6
2170,6
2171,6
2172,6
2173,6
2174,6
2175,6
2176,5
2177,6
2178,6
2179,6
2180,5
2181,7
2182,6
2183,5
2184,7
2185,5
2186,6
2187,6
2188,7
2189,5
2190,6
2191,5
2192,7
2193,6
2194,6
2195,5
2196,6
2197,6
2198,6
2199,7
2200,6
2201,6
2202,6
2203,6
2204,6
2205,6
2206,7
2207,5
2208,6
2209,6
2210,6
2211,6
2212,6
2213,6
2214,7
2215,6
2216,6
2217,7
2218,6
2219,6
2220,6
2221,6
2222,6
2223,6
2224,6
2225,6
2226,6
2227,7
2228,7
2229,5
2230,4
2231,7
2232,6
2233,6
2234,5
2235,6
2236,5
2237,7
2238,5
2239,6
2240,5
2241,6
2242,7
2243,6
2244,6
2245,6
2246,6
2247,5
2248,7
2249,6
2250,6
2251,6
2252,5
2253,6
2254,6
2255,6
2256,6
2257,6
2258,6
2259,6
2260,5
2261,6
2262,6
2263,6
2264,6
2265,6
2266,6
2267,7
2268,5
2269,6
2270,6
2271,6
2272,6
2273,6
2274,6
2275,6
2276,6
2277,6
2278,6
2279,6
2280,5
2281,6
2282,6
2283,6
2284,6
2285,6
2286,6
2287,6
2288,6
2289,6
2290,6
2291,6
2292,7
2293,5
2294,6
2295,6
2296,6
2297,6
2298,6
2299,6
2300,6
2301,6
2302,6
2303,6
2304,6
2305,6
2306,6
2307,6
2308,7
2309,6
2310,6
2311,5
2312,6
2313,6
2314,6
2315,6
2316,6
2317,6
2318,5
2319,7
2320,6
2321,6
2322,6
2323,6
2324,6
2325,6
2326,5
2327,7
2328,5
2329,6
2330,6
2331,5
2332,6
2333,7
2334,6
2335,6
2336,6
2337,6
2338,6
2339,6
2340,6
2341,6
2342,5
2343,6
2344,6
2345,6
2346,7
2347,5
2348,7
2349,5
2350,6
2351,7
2352,6
2353,6
2354,6
2355,6
2356,6
2357,6
2358,6
2359,6
2360,6
2361,6
2362,6
2363,6
2364,6
2365,5
2366,6
2367,6
2368,6
2369,6
2370,6
2371,7
2372,6
2373,6
2374,6
2375,6
2376,6
2377,6
2378,6
2379,6
2380,6
2381,6
2382,6
2383,6
2384,6
2385,6
2386,6
2387,6
2388,6
2389,6
2390,5
2391,7
2392,6
2393,6
2394,6
2395,6
2396,6
2397,6
2398,6
2399,6
2400,7
2401,6
2402,5
2403,6
2404,7
2405,6
2406,5
2407,6
2408,7
2409,6
2410,6
2411,6
2412,6
2413,6
2414,6
2415,6
2416,7
2417,6
2418,5
2419,6
2420,6
2421,6
2422,6
2423,6
2424,6
2425,6
2426,6
2427,6
2428,6
2429,6
2430,6
2431,6
2432,6
2433,7
2434,5
2435,6
2436,6
2437,6
2438,6
2439,6
2440,6
2441,6
2442,7
2443,7
2444,5
2445,5
2446,6
2447,6
2448,6
2449,6
2450,6
2451,5
2452,4
2453,13
2454,6
2455,6
2456,6
2457,6
2458,7
2459,5
2460,6
2461,7
2462,6
2463,5
2464,6
2465,6
2466,6
2467,6
2468,6
2469,6
2470,6
2471,6
2472,6
2473,6
2474,6
2475,6
2476,6
2477,6
2478,7
2479,6
2480,6
2481,6
2482,6
2483,6
2484,6
2485,6
2486,6
2487,6
2488,6
2489,6
2490,6
2491,6
2492,6
2493,6
2494,6
2495,6
2496,6
2497,6
2498,6
2499,6
2500,6
2501,6
2502,6
2503,6
2504,6
2505,6
2506,6
2507,6
2508,6
2509,6
2510,6
2511,6
2512,6
2513,6
2514,7
2515,5
2516,6
2517,7
2518,6
2519,6
2520,6
2521,5
2522,6
2523,6
2524,6
2525,6
2526,6
2527,6
2528,5
2529,6
2530,6
2531,7
2532,5
2533,6
2534,6
2535,6
2536,6
2537,6
2538,6
2539,6
2540,6
2541,6
2542,6
2543,6
2544,6
2545,5
2546,7
2547,6
2548,6
2549,6
2550,6
2551,6
2552,6
2553,6
2554,5
2555,6
2556,7
2557,6
2558,6
2559,6
2560,6
2561,6
2562,7
2563,5
2564,5
2565,6
2566,6
2567,6
2568,6
2569,6
2570,6
2571,6
2572,5
2573,6
2574,7
2575,5
2576,6
2577,6
2578,6
2579,6
2580,6
2581,7
2582,6
2583,6
2584,6
2585,6
2586,6
2587,7
2588,6
2589,6
2590,5
2591,6
2592,6
2593,6
2594,6
2595,5
2596,6
2597,6
2598,6
2599,6
2600,6
2601,6
2602,6
2603,6
2604,6
2605,6
2606,6
2607,6
2608,6
2609,6
2610,6
2611,6
2612,6
2613,6
2614,6
2615,6
2616,6
2617,6
2618,6
2619,6
2620,6
2621,6
2622,6
2623,6
2624,6
2625,6
2626,6
2627,6
2628,5
2629,6
2630,6
2631,6
2632,6
2633,6
2634,7
2635,6
2636,6
2637,6
2638,6
2639,6
2640,7
2641,6
2642,6
2643,6
2644,7
2645,6
2646,6
2647,6
2648,6
2649,6
2650,6
2651,6
2652,7
2653,5
2654,6
2655,6
2656,6
2657,6
2658,5
2659,7
2660,6
2661,6
2662,6
2663,6
2664,7
2665,5
2666,6
2667,6
2668,6
2669,5
2670,7
2671,6
2672,6
2673,6
2674,10
2675,4
2676,6
2677,6
2678,6
2679,6
2680,6
2681,6
2682,6
2683,7
2684,6
2685,6
2686,6
2687,6
2688,6
2689,6
2690,6
2691,6
2692,5
2693,6
2694,6
2695,6
2696,6
2697,6
2698,6
2699,6
2700,6
2701,5
2702,6
2703,7
2704,6
2705,6
2706,7
2707,6
2708,6
2709,7
2710,6
2711,6
2712,6
2713,5
2714,7
2715,6
2716,6
2717,6
2718,6
2719,6
2720,6
2721,6
2722,6
2723,6
2724,6
2725,6
2726,6
2727,6
2728,6
2729,6
2730,6
2731,6
2732,6
2733,6
2734,6
2735,6
2736,6
2737,6
2738,7
2739,5
2740,7
2741,5
2742,6
2743,7
2744,6
2745,5
2746,6
2747,6
2748,6
2749,6
2750,6
2751,5
2752,6
2753,6
2754,6
2755,6
2756,6
2757,6
2758,6
2759,6
2760,6
2761,6
2762,5
2763,6
2764,5
2765,7
2766,6
2767,7
2768,6
2769,6
2770,7
2771,5
2772,6
2773,6
2774,6
2775,6
2776,6
2777,6
2778,6
2779,6
2780,7
2781,5
2782,6
2783,6
2784,6
2785,5
2786,7
2787,6
2788,7
2789,6
2790,6
2791,6
2792,6
2793,6
2794,5
2795,6
2796,6
2797,6
2798,6
2799,7
2800,6
2801,6
2802,6
2803,6
2804,6
2805,6
2806,6
2807,6
2808,6
2809,5
2810,6
2811,7
2812,7
2813,5
2814,6
2815,6
2816,6
2817,5
2818,6
2819,6
2820,5
2821,6
2822,6
2823,6
2824,6
2825,6
2826,6
2827,6
2828,6
2829,6
2830,6
2831,6
2832,6
2833,7
2834,5
2835,6
2836,6
2837,6
2838,6
2839,6
2840,6
2841,6
2842,6
2843,5
2844,6
2845,6
2846,6
2847,6
2848,6
2849,6
2850,6
2851,6
2852,6
2853,6
2854,6
2855,5
2856,6
2857,7
2858,5
2859,6
2860,7
2861,5
2862,7
2863,6
2864,6
2865,6
2866,6
2867,5
2868,7
2869,6
2870,6
2871,6
2872,6
2873,7
2874,7
2875,6
2876,6
2877,5
2878,6
2879,6
2880,6
2881,5
2882,6
2883,6
2884,6
2885,6
2886,6
2887,6
2888,6
2889,6
2890,6
2891,6
2892,6
2893,6
2894,6
2895,6
2896,6
2897,5
2898,6
2899,5
2900,6
2901,5
2902,6
2903,6
2904,6
2905,6
2906,6
2907,7
2908,6
2909,6
2910,6
2911,5
2912,6
2913,6
2914,6
2915,6
2916,6
2917,6
2918,6
2919,6
2920,6
2921,7
2922,5
2923,6
2924,6
2925,6
2926,6
2927,6
2928,6
2929,7
2930,6
2931,6
2932,6
2933,6
2934,6
2935,6
2936,6
2937,6
2938,6
2939,6
2940,6
2941,6
2942,6
2943,6
2944,6
2945,5
2946,7
2947,5
2948,7
2949,6
2950,6
2951,6
2952,6
2953,6
2954,7
2955,6
2956,7
2957,6
2958,6
2959,6
2960,6
2961,6
2962,6
2963,6
2964,6
2965,7
2966,6
2967,6
2968,5
2969,7
2970,6
2971,6
2972,6
2973,6
2974,6
2975,6
2976,6
2977,6
2978,6
2979,5
2980,7
2981,5
2982,6
2983,6
2984,5
2985,5
2986,6
2987,6
2988,7
2989,6
2990,6
2991,6
2992,6
2993,6
2994,7
2995,6
2996,6
2997,6
2998,6
2999,6
3000,6
3001,6
3002,6
3003,6
3004,6
3005,6
3006,6
3007,6
3008,5
3009,4
3010,6
3011,7
3012,5
3013,6
3014,6
3015,6
3016,6
3017,6
3018,6
3019,5
3020,6
3021,7
3022,5
3023,7
3024,6
3025,6
3026,6
3027,6
3028,6
3029,6
3030,6
3031,6
3032,6
3033,6
3034,6
3035,6
3036,6
3037,6
3038,6
3039,6
3040,6
3041,6
3042,7
3043,6
3044,6
3045,7
3046,6
3047,5
3048,7
3049,6
3050,6
3051,6
3052,6
3053,6
3054,6
3055,7
3056,6
3057,6
3058,5
3059,6
3060,6
3061,6
3062,6
3063,7
3064,5
3065,6
3066,6
3067,5
3068,6
3069,6
3070,6
3071,6
3072,6
3073,6
3074,6
3075,6
3076,5
3077,6
3078,5
3079,7
3080,6
3081,5
3082,6
3083,6
3084,6
3085,6
3086,6
3087,6
3088,6
3089,6
3090,6
3091,7
3092,6
3093,6
3094,7
3095,6
3096,6
3097,6
3098,5
3099,6
3100,6
3101,5
3102,6
3103,6
3104,6
3105,6
3106,6
3107,7
3108,6
3109,6
3110,6
3111,6
3112,6
3113,6
3114,6
3115,6
3116,6
3117,6
3118,6
3119,8
3120,7
3121,6
3122,6
3123,5
3124,7
3125,6
3126,6
3127,6
3128,6
3129,6
3130,7
3131,6
3132,6
3133,6
3134,6
3135,6
3136,6
3137,6
3138,6
3139,6
3140,6
3141,6
3142,6
3143,6
3144,6
3145,6
3146,6
3147,5
3148,7
3149,6
3150,6
3151,5
3152,6
3153,5
3154,7
3155,5
3156,6
3157,6
3158,6
3159,6
3160,5
3161,6
3162,6
3163,6
3164,6
3165,5
3166,7
3167,6
3168,5
3169,7
3170,6
3171,6
3172,6
3173,6
3174,6
3175,5
3176,6
3177,7
3178,6
3179,6
3180,6
3181,6
3182,7
3183,5
3184,6
3185,7
3186,6
3187,7
3188,6
3189,6
3190,6
3191,6
3192,7
3193,5
3194,6
3195,6
3196,6
3197,6
3198,6
3199,6
3200,5
3201,6
3202,6
3203,6
3204,6
3205,6
3206,6
3207,6
3208,7
3209,5
3210,7
3211,6
3212,6
3213,6
3214,6
3215,5
3216,5
3217,6
3218,6
3219,6
3220,6
3221,6
3222,6
3223,6
3224,6
3225,6
3226,6
3227,6
3228,5
3229,4
3230,6
3231,7
3232,6
3233,6
3234,6
3235,6
3236,6
3237,6
3238,6
3239,6
3240,6
3241,5
3242,6
3243,6
3244,5
3245,6
3246,6
3247,6
3248,6
3249,6
3250,6
3251,6
3252,6
3253,6
3254,6
3255,6
3256,7
3257,5
3258,7
3259,5
3260,7
3261,6
3262,6
3263,6
3264,6
3265,6
3266,6
3267,5
3268,7
3269,6
3270,6
3271,6
3272,6
3273,6
3274,7
3275,5
3276,6
3277,6
3278,6
3279,6
3280,6
3281,6
3282,6
3283,6
3284,6
3285,6
3286,6
3287,5
3288,7
3289,7
3290,6
3291,6
3292,6
3293,6
3294,6
3295,6
3296,6
3297,6
3298,6
3299,6
3300,7
3301,6
3302,6
3303,6
3304,6
3305,5
3306,6
3307,6
3308,7
3309,5
3310,7
3311,6
3312,6
3313,6
3314,6
3315,7
3316,6
3317,6
3318,5
3319,7
3320,6
3321,6
3322,6
3323,6
3324,6
3325,7
3326,6
3327,6
3328,6
3329,6
3330,6
3331,6
3332,6
3333,6
3334,6
3335,6
3336,6
3337,6
3338,8
3339,5
3340,7
3341,5
3342,6
3343,6
3344,6
3345,6
3346,6
3347,6
3348,6
3349,5
3350,7
3351,6
3352,6
3353,7
3354,5
3355,7
3356,6
3357,6
3358,7
3359,6
3360,6
3361,6
3362,6
3363,6
3364,6
3365,6
3366,7
3367,5
3368,7
3369,6
3370,5
3371,6
3372,5
3373,6
3374,7
3375,6
3376,5
3377,6
3378,7
3379,5
3380,6
3381,6
3382,6
3383,7
3384,5
3385,6
3386,6
3387,6
3388,6
3389,6
3390,7
3391,6
3392,6
3393,6
3394,6
3395,6
3396,5
3397,6
3398,7
3399,5
3400,5
3401,6
3402,6
3403,5
3404,7
3405,6
3406,5
3407,6
3408,6
3409,6
3410,5
3411,7
3412,5
3413,7
3414,6
3415,7
3416,7
3417,6
3418,6
3419,6
3420,6
3421,5
3422,6
3423,6
3424,6
3425,6
3426,6
3427,6
3428,6
3429,6
3430,6
3431,6
3432,6
3433,6
3434,6
3435,6
3436,6
3437,6
3438,6
3439,6
3440,6
3441,6
3442,6
3443,6
3444,6
3445,6
3446,6
3447,6
3448,5
3449,12
3450,5
3451,6
3452,6
3453,6
3454,6
3455,6
3456,6
3457,7
3458,6
3459,5
3460,7
3461,6
3462,6
3463,6
3464,6
3465,6
3466,6
3467,5
3468,6
3469,6
3470,6
3471,6
3472,6
3473,6
3474,5
3475,6
3476,6
3477,6
3478,6
3479,6
3480,7
3481,6
3482,6
3483,5
3484,6
3485,5
3486,6
3487,7
3488,7
3489,6
3490,6
3491,5
3492,7
3493,6
3494,6
3495,7
3496,5
3497,6
3498,5
3499,6
3500,6
3501,6
3502,6
3503,7
3504,7
3505,6
3506,5
3507,6
3508,6
3509,6
3510,6
3511,6
3512,6
3513,6
3514,6
3515,6
3516,6
3517,7
3518,5
3519,6
3520,6
3521,6
3522,5
3523,6
3524,6
3525,5
3526,6
3527,6
3528,6
3529,6
3530,7
3531,6
3532,6
3533,6
3534,5
3535,6
3536,6
3537,6
3538,6
3539,6
3540,6
3541,6
3542,6
3543,6
3544,6
3545,6
3546,6
3547,6
3548,6
3549,6
3550,6
3551,6
3552,6
3553,6
3554,6
3555,6
3556,6
3557,6
3558,5
3559,4
3560,7
3561,6
3562,6
3563,6
3564,6
3565,7
3566,5
3567,6
3568,6
3569,6
3570,6
3571,5
3572,6
3573,6
3574,6
3575,6
3576,6
3577,6
3578,6
3579,6
3580,6
3581,6
3582,6
3583,6
3584,6
3585,7
3586,6
3587,6
3588,6
3589,6
3590,6
3591,6
3592,6
3593,5
3594,7
3595,7
3596,7
3597,6
3598,5
3599,6
3600,6
3601,6
3602,6
3603,6
3604,6
3605,6
3606,6
3607,6
3608,6
3609,6
3610,6
3611,6
3612,6
3613,6
3614,6
3615,5
3616,6
3617,6
3618,6
3619,6
3620,7
3621,5
3622,7
3623,6
3624,6
3625,5
3626,6
3627,7
3628,6
3629,6
3630,6
3631,6
3632,6
3633,6
3634,6
3635,6
3636,6
3637,6
3638,6
3639,6
3640,6
3641,6
3642,6
3643,6
3644,6
3645,6
3646,6
3647,6
3648,6
3649,6
3650,6
3651,6
3652,6
3653,6
3654,6
3655,6
3656,6
3657,6
3658,6
3659,6
3660,6
3661,6
3662,5
3663,6
3664,6
3665,6
3666,6
3667,7
3668,5
3669,6
3670,5
3671,6
3672,6
3673,6
3674,6
3675,6
3676,6
3677,5
3678,6
3679,6
3680,6
3681,6
3682,6
3683,7
3684,6
3685,6
3686,6
3687,6
3688,6
3689,6
3690,6
3691,7
3692,5
3693,6
3694,7
3695,6
3696,5
3697,6
3698,6
3699,6
3700,6
3701,6
3702,6
3703,6
3704,5
3705,6
3706,5
3707,6
3708,6
3709,7
3710,6
3711,5
3712,6
3713,6
3714,6
3715,6
3716,6
3717,6
3718,6
3719,6
3720,6
3721,6
3722,6
3723,6
3724,6
3725,6
3726,6
3727,6
3728,6
3729,6
3730,6
3731,6
3732,6
3733,5
3734,7
3735,6
3736,6
3737,6
3738,6
3739,6
3740,6
3741,6
3742,6
3743,6
3744,6
3745,6
3746,7
3747,5
3748,6
3749,6
3750,6
3751,6
3752,6
3753,6
3754,6
3755,6
3756,6
3757,6
3758,6
3759,6
3760,6
3761,6
3762,6
3763,6
3764,6
3765,6
3766,6
3767,5
3768,6
3769,7
3770,6
3771,6
3772,7
3773,6
3774,6
3775,6
3776,6
3777,6
3778,6
3779,5
3780,7
3781,6
3782,6
3783,6
3784,6
3785,6
3786,6
3787,7
3788,6
3789,6
3790,6
3791,6
3792,5
3793,6
3794,6
3795,6
3796,6
3797,6
3798,6
3799,6
3800,6
3801,6
3802,5
3803,7
3804,5
3805,5
3806,6
3807,5
3808,7
3809,6
3810,5
3811,6
3812,6
3813,7
3814,6
3815,7
3816,7
3817,6
3818,6
3819,7
3820,5
3821,6
3822,7
3823,6
3824,6
3825,6
3826,6
3827,6
3828,6
3829,6
3830,6
3831,7
3832,6
3833,6
3834,6
3835,6
3836,6
3837,7
3838,5
3839,6
3840,6
3841,6
3842,6
3843,6
3844,6
3845,5
3846,7
3847,5
3848,7
3849,6
3850,5
3851,6
3852,6
3853,6
3854,6
3855,6
3856,6
3857,6
3858,6
3859,6
3860,6
3861,6
3862,6
3863,6
3864,6
3865,6
3866,6
3867,6
3868,6
3869,6
3870,6
3871,6
3872,6
3873,6
3874,6
3875,6
3876,6
3877,6
3878,6
3879,8
3880,5
3881,5
3882,6
3883,6
3884,6
3885,6
3886,6
3887,6
3888,6
3889,6
3890,5
3891,7
3892,4
3893,4
3894,5
3895,6
3896,6
3897,6
3898,6
3899,6
3900,6
3901,6
3902,6
3903,7
3904,7
3905,6
3906,5
3907,6
3908,6
3909,6
3910,6
3911,6
3912,6
3913,6
3914,7
3915,6
3916,7
3917,7
3918,6
3919,6
3920,7
3921,6
3922,6
3923,5
3924,6
3925,6
3926,5
3927,6
3928,6
3929,6
3930,5
3931,5
3932,7
3933,5
3934,6
3935,6
3936,6
3937,6
3938,6
3939,6
3940,6
3941,5
3942,6
3943,6
3944,6
3945,5
3946,6
3947,6
3948,6
3949,6
3950,6
3951,7
3952,6
3953,6
3954,6
3955,6
3956,7
3957,6
3958,6
3959,6
3960,5
3961,7
3962,6
3963,6
3964,6
3965,6
3966,6
3967,6
3968,6
3969,6
3970,6
3971,6
3972,6
3973,6
3974,6
3975,6
3976,6
3977,6
3978,6
3979,6
3980,6
3981,7
3982,5
3983,6
3984,6
3985,6
3986,6
3987,6
3988,6
3989,5
3990,7
3991,6
3992,7
3993,6
3994,6
3995,6
3996,6
3997,6
3998,6
3999,6
4000,6
4001,7
4002,5
4003,6
4004,6
4005,7
4006,6
4007,5
4008,7
4009,5
4010,7
4011,5
4012,6
4013,7
4014,4
4015,6
4016,6
4017,6
4018,6
4019,6
4020,6
4021,6
4022,6
4023,6
4024,6
4025,5
4026,6
4027,6
4028,6
4029,6
4030,5
4031,6
4032,6
4033,6
4034,6
4035,6
4036,6
4037,7
4038,6
4039,6
4040,7
4041,6
4042,6
4043,6
4044,6
4045,6
4046,6
4047,6
4048,6
4049,6
4050,7
4051,5
4052,6
4053,6
4054,7
4055,6
4056,6
4057,6
4058,6
4059,6
4060,5
4061,7
4062,5
4063,7
4064,6
4065,5
4066,6
4067,6
4068,6
4069,6
4070,6
4071,6
4072,6
4073,6
4074,6
4075,6
4076,7
4077,6
4078,6
4079,6
4080,6
4081,6
4082,6
4083,6
4084,6
4085,6
4086,6
4087,6
4088,6
4089,6
4090,6
4091,6
4092,6
4093,6
4094,6
4095,6
4096,6
4097,6
4098,6
4099,6
4100,5
4101,6
4102,5
4103,6
4104,6
4105,6
4106,7
4107,6
4108,6
4109,6
4110,6
4111,6
4112,6
4113,10
4114,5
4115,6
4116,6
4117,6
4118,6
4119,6
4120,6
4121,6
4122,6
4123,5
4124,7
4125,6
4126,6
4127,6
4128,7
4129,6
4130,6
4131,6
4132,6
4133,6
4134,6
4135,6
4136,6
4137,5
4138,6
4139,7
4140,7
4141,5
4142,6
4143,6
4144,6
4145,7
4146,6
4147,5
4148,6
4149,6
4150,6
4151,6
4152,6
4153,6
4154,6
4155,6
4156,6
4157,6
4158,6
4159,6
4160,6
4161,6
4162,7
4163,6
4164,6
4165,6
4166,6
4167,6
4168,6
4169,6
4170,6
4171,6
4172,5
4173,7
4174,5
4175,6
4176,7
4177,6
4178,6
4179,6
4180,6
4181,6
4182,6
4183,6
4184,6
4185,6
4186,6
4187,5
4188,6
4189,6
4190,6
4191,6
4192,6
4193,6
4194,6
4195,6
4196,6
4197,6
4198,6
4199,6
4200,6
4201,6
4202,6
4203,6
4204,6
4205,5
4206,6
4207,6
4208,6
4209,6
4210,6
4211,6
4212,7
4213,6
4214,6
4215,6
4216,5
4217,5
4218,6
4219,6
4220,6
4221,6
4222,6
4223,5
4224,7
4225,6
4226,7
4227,5
4228,6
4229,7
4230,6
4231,6
4232,6
4233,6
4234,6
4235,6
4236,6
4237,6
4238,6
4239,5
4240,7
4241,6
4242,6
4243,6
4244,6
4245,6
4246,6
4247,6
4248,6
4249,5
4250,7
4251,5
4252,7
4253,5
4254,6
4255,7
4256,5
4257,6
4258,6
4259,5
4260,6
4261,6
4262,6
4263,6
4264,6
4265,6
4266,6
4267,6
4268,6
4269,6
4270,6
4271,6
4272,6
4273,5
4274,6
4275,6
4276,6
4277,6
4278,6
4279,6
4280,6
4281,6
4282,6
4283,6
4284,6
4285,6
4286,6
4287,6
4288,6
4289,6
4290,6
4291,6
4292,6
4293,6
4294,6
4295,6
4296,6
4297,6
4298,6
4299,6
4300,6
4301,6
4302,6
4303,6
4304,6
4305,6
4306,6
4307,6
4308,6
4309,6
4310,6
4311,6
4312,6
4313,6
4314,6
4315,7
4316,6
4317,6
4318,6
4319,6
4320,6
4321,6
4322,6
4323,6
4324,6
4325,6
4326,6
4327,7
4328,6
4329,6
4330,6
4331,6
4332,6
4333,6
4334,5
4335,5
4336,6
4337,5
4338,7
4339,6
4340,6
4341,5
4342,6
4343,6
4344,7
4345,6
4346,6
4347,5
4348,6
4349,6
4350,6
4351,6
4352,6
4353,6
4354,6
4355,6
4356,6
4357,6
4358,7
4359,6
4360,6
4361,6
4362,5
4363,7
4364,6
4365,6
4366,6
4367,5
4368,6
4369,7
4370,5
4371,7
4372,6
4373,6
4374,6
4375,6
4376,6
4377,6
4378,6
4379,6
4380,6
4381,6
4382,6
4383,6
4384,7
4385,6
4386,6
4387,6
4388,5
4389,7
4390,6
4391,5
4392,6
4393,6
4394,7
4395,6
4396,6
4397,6
4398,6
4399,5
4400,6
4401,6
4402,6
4403,6
4404,6
4405,6
4406,5
4407,7
4408,6
4409,6
4410,6
4411,6
4412,6
4413,6
4414,6
4415,6
4416,6
4417,6
4418,6
4419,5
4420,7
4421,6
4422,7
4423,7
4424,6
4425,5
4426,6
4427,6
4428,6
4429,6
4430,7
4431,6
4432,6
4433,6
4434,6
4435,6
4436,6
4437,6
4438,6
4439,6
4440,6
4441,6
4442,6
4443,6
4444,6
4445,6
4446,5
4447,4
4448,7
4449,6
4450,6
4451,5
4452,6
4453,7
4454,6
4455,6
4456,6
4457,5
4458,7
4459,6
4460,6
4461,6
4462,6
4463,5
4464,6
4465,6
4466,6
4467,6
4468,7
4469,5
4470,6
4471,6
4472,6
4473,6
4474,6
4475,6
4476,6
4477,5
4478,7
4479,6
4480,6
4481,6
4482,6
4483,6
4484,6
4485,6
4486,6
4487,6
4488,6
4489,6
4490,6
4491,6
4492,6
4493,6
4494,5
4495,6
4496,6
4497,6
4498,6
4499,6
4500,6
4501,6
4502,6
4503,7
4504,6
4505,6
4506,5
4507,6
4508,6
4509,6
4510,6
4511,7
4512,5
4513,7
4514,6
4515,6
4516,6
4517,6
4518,6
4519,5
4520,6
4521,6
4522,6
4523,6
4524,6
4525,6
4526,6
4527,6
4528,6
4529,6
4530,6
4531,6
4532,5
4533,5
4534,7
4535,5
4536,5
4537,7
4538,6
4539,6
4540,6
4541,6
4542,6
4543,5
4544,6
4545,6
4546,6
4547,6
4548,6
4549,6
4550,6
4551,6
4552,6
4553,6
4554,6
4555,6
4556,7
4557,6
4558,5
4559,8
4560,6
4561,6
4562,6
4563,7
4564,6
4565,5
4566,6
4567,6
4568,6
4569,6
4570,6
4571,6
4572,6
4573,7
4574,6
4575,6
4576,6
4577,7
4578,6
4579,6
4580,5
4581,6
4582,7
4583,5
4584,6
4585,7
4586,6
4587,6
4588,6
4589,7
4590,5
4591,6
4592,6
4593,7
4594,7
4595,6
4596,6
4597,6
4598,6
4599,6
4600,6
4601,6
4602,6
4603,6
4604,6
4605,7
4606,6
4607,6
4608,6
4609,6
4610,6
4611,6
4612,7
4613,5
4614,6
4615,6
4616,7
4617,6
4618,6
4619,6
4620,6
4621,7
4622,6
4623,6
4624,5
4625,6
4626,6
4627,6
4628,7
4629,6
4630,7
4631,6
4632,6
4633,6
4634,6
4635,7
4636,6
4637,6
4638,6
4639,6
4640,6
4641,7
4642,6
4643,6
4644,5
4645,6
4646,6
4647,7
4648,6
4649,6
4650,6
4651,6
4652,6
4653,6
4654,6
4655,6
4656,6
4657,6
4658,6
4659,6
4660,6
4661,5
4662,7
4663,6
4664,6
4665,6
4666,6
4667,5
4668,6
4669,12
4670,6
4671,5
4672,6
4673,6
4674,5
4675,6
4676,6
4677,7
4678,5
4679,7
4680,5
4681,6
4682,6
4683,6
4684,6
4685,6
4686,6
4687,6
4688,6
4689,5
4690,6
4691,6
4692,6
4693,6
4694,7
4695,5
4696,5
4697,6
4698,7
4699,6
4700,6
4701,6
4702,6
4703,6
4704,6
4705,5
4706,6
4707,6
4708,6
4709,6
4710,6
4711,6
4712,7
4713,5
4714,7
4715,5
4716,6
4717,6
4718,6
4719,5
4720,7
4721,6
4722,6
4723,5
4724,7
4725,5
4726,6
4727,6
4728,5
4729,6
4730,6
4731,6
4732,6
4733,5
4734,5
4735,7
4736,5
4737,6
4738,6
4739,6
4740,5
4741,6
4742,6
4743,5
4744,6
4745,6
4746,6
4747,6
4748,6
4749,6
4750,6
4751,6
4752,6
4753,6
4754,6
4755,6
4756,6
4757,6
4758,6
4759,6
4760,6
4761,5
4762,7
4763,6
4764,6
4765,6
4766,6
4767,7
4768,6
4769,6
4770,6
4771,6
4772,5
4773,7
4774,6
4775,6
4776,6
4777,6
4778,6
4779,5
4780,6
4781,6
4782,5
4783,4
4784,6
4785,6
4786,6
4787,6
4788,6
4789,6
4790,5
4791,6
4792,6
4793,6
4794,6
4795,6
4796,6
4797,6
4798,6
4799,5
4800,6
4801,6
4802,7
4803,6
4804,6
4805,6
4806,6
4807,7
4808,6
4809,6
4810,5
4811,7
4812,6
4813,6
4814,6
4815,6
4816,5
4817,6
4818,6
4819,6
4820,6
4821,6
4822,6
4823,6
4824,6
4825,5
4826,7
4827,5
4828,7
4829,5
4830,7
4831,5
4832,7
4833,5
4834,7
4835,6
4836,5
4837,6
4838,6
4839,7
4840,6
4841,6
4842,6
4843,6
4844,6
4845,7
4846,6
4847,7
4848,7
4849,6
4850,6
4851,6
4852,6
4853,6
4854,7
4855,7
4856,5
4857,6
4858,6
4859,6
4860,6
4861,6
4862,6
4863,6
4864,6
4865,6
4866,5
4867,7
4868,6
4869,6
4870,6
4871,6
4872,6
4873,6
4874,6
4875,5
4876,7
4877,5
4878,6
4879,6
4880,6
4881,5
4882,7
4883,6
4884,5
4885,6
4886,6
4887,6
4888,6
4889,6
4890,6
4891,7
4892,6
4893,5
4894,5
4895,6
4896,6
4897,6
4898,6
4899,7
4900,6
4901,6
4902,7
4903,6
4904,6
4905,5
4906,7
4907,6
4908,6
4909,7
4910,7
4911,6
4912,6
4913,6
4914,6
4915,6
4916,6
4917,5
4918,6
4919,6
4920,6
4921,6
4922,6
4923,5
4924,7
4925,5
4926,6
4927,7
4928,6
4929,6
4930,6
4931,5
4932,6
4933,7
4934,6
4935,5
4936,6
4937,6
4938,6
4939,6
4940,6
4941,6
4942,6
4943,6
4944,6
4945,6
4946,6
4947,6
4948,7
4949,5
4950,6
4951,6
4952,6
4953,6
4954,6
4955,6
4956,6
4957,6
4958,6
4959,5
4960,6
4961,6
4962,6
4963,6
4964,6
4965,6
4966,5
4967,6
4968,6
4969,6
4970,6
4971,6
4972,6
4973,5
4974,6
4975,7
4976,5
4977,6
4978,6
4979,6
4980,7
4981,6
4982,6
4983,6
4984,6
4985,6
4986,6
4987,6
4988,6
4989,6
4990,6
4991,6
4992,6
4993,6
4994,7
4995,6
4996,6
4997,6
4998,7
4999,6
5000,6
5001,6
5002,5
5003,6
5004,6
5005,7
5006,10
5007,6
5008,6
5009,6
5010,5
5011,6
5012,6
5013,6
5014,6
5015,5
5016,6
5017,7
5018,5
5019,6
5020,6
5021,5
5022,6
5023,6
5024,5
5025,7
5026,6
5027,6
5028,7
5029,6
5030,6
5031,6
5032,6
5033,6
5034,6
5035,6
5036,6
5037,6
5038,6
5039,6
5040,6
5041,6
5042,6
5043,7
5044,6
5045,5
5046,6
5047,7
5048,6
5049,6
5050,6
5051,6
5052,6
5053,6
5054,6
5055,6
5056,6
5057,6
5058,6
5059,6
5060,6
5061,6
5062,6
5063,6
5064,6
5065,6
5066,6
5067,6
5068,6
5069,6
5070,6
5071,6
5072,6
5073,6
5074,6
5075,6
5076,7
5077,6
5078,6
5079,7
5080,5
5081,6
5082,6
5083,6
5084,7
5085,6
5086,6
5087,6
5088,6
5089,6
5090,6
5091,6
5092,6
5093,5
5094,6
5095,6
5096,6
5097,6
5098,6
5099,6
5100,6
5101,7
5102,5
5103,6
5104,5
5105,7
5106,5
5107,6
5108,6
5109,6
5110,6
5111,6
5112,6
5113,6
5114,7
5115,6
5116,5
5117,6
5118,6
5119,6
5120,6
5121,7
5122,7
5123,5
5124,6
5125,6
5126,7
5127,6
5128,6
5129,7
5130,6
5131,6
5132,6
5133,5
5134,6
5135,5
5136,5
5137,6
5138,6
5139,5
5140,6
5141,6
5142,6
5143,6
5144,6
5145,6
5146,6
5147,6
5148,6
5149,6
5150,6
5151,6
5152,6
5153,6
5154,6
5155,6
5156,6
5157,6
5158,6
5159,6
5160,6
5161,6
5162,6
5163,6
5164,6
5165,6
5166,6
5167,6
5168,6
5169,6
5170,6
5171,6
5172,6
5173,6
5174,6
5175,6
5176,6
5177,6
5178,6
5179,7
5180,5
5181,6
5182,6
5183,6
5184,6
5185,6
5186,6
5187,6
5188,6
5189,5
5190,6
5191,6
5192,6
5193,6
5194,6
5195,6
5196,5
5197,6
5198,6
5199,6
5200,7
5201,5
5202,7
5203,5
5204,6
5205,7
5206,6
5207,5
5208,6
5209,6
5210,6
5211,6
5212,5
5213,6
5214,6
5215,6
5216,7
5217,5
5218,7
5219,6
5220,6
5221,5
5222,6
5223,6
5224,6
5225,5
5226,6
5227,6
5228,5
5229,4
5230,6
5231,6
5232,6
5233,5
5234,7
5235,6
5236,6
5237,6
5238,6
5239,6
5240,6
5241,5
5242,6
5243,6
5244,6
5245,6
5246,7
5247,7
5248,7
5249,6
5250,6
5251,7
5252,6
5253,6
5254,6
5255,6
5256,6
5257,6
5258,7
5259,6
5260,6
5261,6
5262,6
5263,7
5264,5
5265,7
5266,5
5267,6
5268,6
5269,6
5270,6
5271,6
5272,6
5273,6
5274,6
5275,6
5276,6
5277,6
5278,6
5279,7
5280,5
5281,7
5282,6
5283,6
5284,6
5285,6
5286,6
5287,6
5288,6
5289,5
5290,5
5291,7
5292,6
5293,6
5294,6
5295,6
5296,6
5297,6
5298,6
5299,6
5300,6
5301,6
5302,6
5303,6
5304,6
5305,7
5306,5
5307,6
5308,6
5309,6
5310,6
5311,6
5312,6
5313,5
5314,7
5315,6
5316,5
5317,7
5318,6
5319,6
5320,7
5321,6
5322,7
5323,6
5324,6
5325,6
5326,6
5327,6
5328,5
5329,6
5330,6
5331,7
5332,6
5333,6
5334,6
5335,7
5336,6
5337,6
5338,6
5339,6
5340,6
5341,6
5342,6
5343,7
5344,5
5345,6
5346,6
5347,6
5348,5
5349,7
5350,5
5351,6
5352,6
5353,6
5354,6
5355,6
5356,7
5357,5
5358,5
5359,6
5360,6
5361,6
5362,6
5363,5
5364,6
5365,7
5366,6
5367,6
5368,6
5369,5
5370,6
5371,6
5372,7
5373,5
5374,6
5375,6
5376,6
5377,5
5378,7
5379,6
5380,6
5381,6
5382,6
5383,6
5384,6
5385,6
5386,6
5387,6
5388,6
5389,6
5390,6
5391,6
5392,6
5393,6
5394,5
5395,7
5396,6
5397,6
5398,6
5399,5
5400,7
5401,7
5402,5
5403,6
5404,6
5405,6
5406,6
5407,6
5408,6
5409,6
5410,6
5411,6
5412,6
5413,6
5414,7
5415,6
5416,6
5417,6
5418,6
5419,6
5420,7
5421,6
5422,6
5423,6
5424,7
5425,6
5426,6
5427,6
5428,6
5429,6
5430,6
5431,5
5432,6
5433,6
5434,6
5435,6
5436,6
5437,6
5438,6
5439,6
5440,7
5441,6
5442,6
5443,6
5444,6
5445,6
5446,5
5447,6
5448,6
5449,5
5450,7
5451,5
5452,6
5453,6
5454,6
5455,6
5456,6
5457,6
5458,6
5459,7
5460,5
5461,6
5462,7
5463,6
5464,7
5465,6
5466,6
5467,6
5468,6
5469,6
5470,6
5471,6
5472,6
5473,6
5474,6
5475,6
5476,5
5477,6
5478,6
5479,6
5480,6
5481,6
5482,6
5483,5
5484,6
5485,6
5486,6
5487,6
5488,7
5489,6
5490,5
5491,6
5492,6
5493,6
5494,6
5495,6
5496,6
5497,6
5498,5
5499,7
5500,5
5501,6
5502,6
5503,6
5504,6
5505,7
5506,5
5507,6
5508,6
5509,6
5510,7
5511,6
5512,6
5513,7
5514,7
5515,6
5516,6
5517,6
5518,6
5519,6
5520,6
5521,6
5522,6
5523,6
5524,6
5525,5
5526,6
5527,6
5528,6
5529,6
5530,6
5531,6
5532,5
5533,6
5534,6
5535,6
5536,5
5537,6
5538,6
5539,6
5540,6
5541,6
5542,6
5543,7
5544,5
5545,7
5546,6
5547,7
5548,5
5549,6
5550,6
5551,6
5552,6
5553,6
5554,6
5555,6
5556,6
5557,6
5558,6
5559,7
5560,5
5561,6
5562,6
5563,5
5564,4
5565,7
5566,6
5567,6
5568,6
5569,6
5570,6
5571,6
5572,6
5573,5
5574,7
5575,6
5576,6
5577,6
5578,6
5579,6
5580,5
5581,7
5582,6
5583,5
5584,7
5585,6
5586,6
5587,6
5588,6
5589,6
5590,7
5591,6
5592,6
5593,6
5594,6
5595,6
5596,6
5597,7
5598,6
5599,5
5600,7
5601,5
5602,7
5603,6
5604,6
5605,6
5606,6
5607,6
5608,6
5609,6
5610,6
5611,6
5612,6
5613,6
5614,6
5615,5
5616,6
5617,6
5618,6
5619,6
5620,6
5621,6
5622,6
5623,6
5624,5
5625,6
5626,5
5627,6
5628,5
5629,6
5630,6
5631,6
5632,6
5633,6
5634,6
5635,6
5636,6
5637,6
5638,6
5639,6
5640,6
5641,6
5642,5
5643,7
5644,6
5645,6
5646,6
5647,6
5648,6
5649,7
5650,6
5651,6
5652,6
5653,6
5654,6
5655,6
5656,6
5657,6
5658,5
5659,5
5660,6
5661,6
5662,7
5663,6
5664,6
5665,6
5666,5
5667,6
5668,6
5669,6
5670,6
5671,6
5672,6
5673,6
5674,6
5675,6
5676,8
5677,6
5678,6
5679,6
5680,6
5681,6
5682,6
5683,5
5684,6
5685,6
5686,7
5687,6
5688,5
5689,6
5690,5
5691,6
5692,6
5693,6
5694,5
5695,6
5696,7
5697,5
5698,6
5699,6
5700,6
5701,6
5702,7
5703,5
5704,5
5705,6
5706,6
5707,6
5708,6
5709,6
5710,6
5711,6
5712,6
5713,6
5714,6
5715,6
5716,6
5717,6
5718,6
5719,7
5720,6
5721,6
5722,6
5723,6
5724,6
5725,7
5726,6
5727,7
5728,6
5729,6
5730,6
5731,6
5732,6
5733,6
5734,6
5735,7
5736,5
5737,6
5738,7
5739,7
5740,5
5741,6
5742,6
5743,6
5744,6
5745,6
5746,6
5747,6
5748,6
5749,6
5750,6
5751,6
5752,6
5753,6
5754,6
5755,6
5756,6
5757,6
5758,6
5759,6
5760,5
5761,6
5762,6
5763,6
5764,6
5765,6
5766,6
5767,6
5768,6
5769,6
5770,6
5771,6
5772,6
5773,6
5774,6
5775,6
5776,6
5777,6
5778,6
5779,7
5780,6
5781,6
5782,6
5783,5
5784,7
5785,6
5786,6
5787,5
5788,4
5789,6
5790,6
5791,6
5792,6
5793,7
5794,6
5795,6
5796,6
5797,6
5798,6
5799,6
5800,7
5801,7
5802,6
5803,6
5804,6
5805,6
5806,6
5807,6
5808,6
5809,6
5810,6
5811,6
5812,6
5813,6
5814,6
5815,7
5816,6
5817,6
5818,7
5819,6
5820,5
5821,6
5822,6
5823,6
5824,6
5825,6
5826,5
5827,7
5828,6
5829,5
5830,6
5831,6
5832,5
5833,6
5834,6
5835,6
5836,6
5837,5
5838,6
5839,6
5840,6
5841,6
5842,6
5843,6
5844,6
5845,6
5846,5
5847,6
5848,6
5849,6
5850,6
5851,7
5852,6
5853,6
5854,6
5855,6
5856,6
5857,6
5858,6
5859,6
5860,6
5861,6
5862,7
5863,5
5864,6
5865,6
5866,6
5867,5
5868,7
5869,6
5870,7
5871,6
5872,6
5873,6
5874,6
5875,6
5876,6
5877,6
5878,6
5879,6
5880,6
5881,6
5882,7
5883,6
5884,5
5885,7
5886,5
5887,6
5888,6
5889,5
5890,6
5891,6
5892,6
5893,6
5894,6
5895,6
5896,6
5897,6
5898,6
5899,6
5900,6
5901,10
5902,5
5903,7
5904,6
5905,7
5906,5
5907,6
5908,6
5909,6
5910,6
5911,6
5912,6
5913,6
5914,5
5915,6
5916,5
5917,7
5918,6
5919,6
5920,6
5921,6
5922,6
5923,6
5924,5
5925,6
5926,7
5927,5
5928,6
5929,6
5930,6
5931,5
5932,5
5933,7
5934,6
5935,6
5936,6
5937,6
5938,6
5939,6
5940,6
5941,6
5942,6
5943,6
5944,6
5945,7
5946,6
5947,6
5948,6
5949,6
5950,6
5951,6
5952,6
5953,6
5954,6
5955,7
5956,5
5957,7
5958,6
5959,7
5960,6
5961,6
5962,5
5963,6
5964,6
5965,6
5966,6
5967,6
5968,6
5969,6
5970,6
5971,6
5972,6
5973,6
5974,6
5975,6
5976,7
5977,6
5978,7
5979,6
5980,5
5981,6
5982,6
5983,6
5984,6
5985,6
5986,6
5987,6
5988,6
5989,6
5990,6
5991,6
5992,6
5993,6
5994,6
5995,6
5996,6
5997,6
5998,6
5999,6
6000,7
6001,6
6002,6
6003,6
6004,6
6005,6
6006,6
6007,6
6008,6
6009,6
6010,5
6011,4
6012,6
6013,6
6014,6
6015,5
6016,6
6017,6
6018,6
6019,6
6020,6
6021,6
6022,6
6023,5
6024,6
6025,6
6026,6
6027,6
6028,6
6029,6
6030,6
6031,7
6032,6
6033,6
6034,7
6035,6
6036,6
6037,5
6038,7
6039,6
6040,6
6041,6
6042,7
6043,6
6044,6
6045,6
6046,6
6047,6
6048,6
6049,6
6050,6
6051,5
6052,6
6053,6
6054,6
6055,6
6056,6
6057,6
6058,6
6059,7
6060,6
6061,6
6062,6
6063,6
6064,6
6065,5
6066,7
6067,5
6068,6
6069,6
6070,5
6071,7
6072,6
6073,7
6074,5
6075,7
6076,5
6077,6
6078,6
6079,6
6080,6
6081,6
6082,6
6083,6
6084,6
6085,6
6086,6
6087,6
6088,6
6089,5
6090,6
6091,6
6092,6
6093,6
6094,6
6095,6
6096,6
6097,6
6098,6
6099,6
6100,6
6101,6
6102,6
6103,6
6104,6
6105,5
6106,6
6107,6
6108,7
6109,6
6110,6
6111,6
6112,6
6113,6
6114,6
6115,5
6116,6
6117,6
6118,6
6119,7
6120,6
6121,6
6122,6
6123,5
6124,7
6125,6
6126,6
6127,6
6128,6
6129,6
6130,6
6131,6
6132,6
6133,6
6134,6
6135,6
6136,7
6137,6
6138,6
6139,7
6140,6
6141,6
6142,6
6143,5
6144,6
6145,6
6146,6
6147,6
6148,6
6149,6
6150,6
6151,6
6152,6
6153,6
6154,6
6155,6
6156,7
6157,6
6158,7
6159,6
6160,6
6161,6
6162,7
6163,5
6164,7
6165,6
6166,6
6167,6
6168,6
6169,5
6170,5
6171,6
6172,6
6173,6
6174,6
6175,6
6176,7
6177,6
6178,6
6179,6
6180,6
6181,6
6182,6
6183,6
6184,6
6185,6
6186,5
6187,6
6188,6
6189,6
6190,6
6191,6
6192,6
6193,6
6194,6
6195,6
6196,6
6197,6
6198,5
6199,6
6200,5
6201,7
6202,6
6203,6
6204,6
6205,6
6206,6
6207,6
6208,6
6209,6
6210,6
6211,6
6212,6
6213,6
6214,6
6215,6
6216,7
6217,6
6218,5
6219,5
6220,6
6221,7
6222,5
6223,6
6224,6
6225,7
6226,6
6227,6
6228,6
6229,6
6230,5
6231,6
6232,6
6233,6
6234,10
6235,4
6236,6
6237,6
6238,6
6239,7
6240,7
6241,6
6242,6
6243,6
6244,6
6245,6
6246,6
6247,7
6248,5
6249,7
6250,5
6251,6
6252,5
6253,6
6254,6
6255,6
6256,6
6257,6
6258,6
6259,5
6260,7
6261,6
6262,6
6263,6
6264,6
6265,6
6266,6
6267,6
6268,5
6269,5
6270,6
6271,6
6272,6
6273,6
6274,6
6275,6
6276,6
6277,6
6278,6
6279,6
6280,6
6281,6
6282,6
6283,7
6284,6
6285,6
6286,6
6287,6
6288,6
6289,6
6290,5
6291,6
6292,5
6293,7
6294,6
6295,6
6296,6
6297,5
6298,6
6299,6
6300,7
6301,6
6302,7
6303,6
6304,6
6305,6
6306,6
6307,6
6308,6
6309,6
6310,6
6311,7
6312,6
6313,6
6314,6
6315,6
6316,6
6317,6
6318,6
6319,7
6320,5
6321,7
6322,5
6323,6
6324,6
6325,6
6326,6
6327,6
6328,6
6329,6
6330,6
6331,7
6332,6
6333,6
6334,6
6335,6
6336,6
6337,6
6338,6
6339,6
6340,6
6341,6
6342,6
6343,6
6344,6
6345,6
6346,5
6347,5
6348,6
6349,6
6350,5
6351,5
6352,5
6353,6
6354,6
6355,6
6356,6
6357,7
6358,6
6359,4
6360,7
6361,6
6362,6
6363,6
6364,6
6365,7
6366,6
6367,6
6368,6
6369,6
6370,7
6371,5
6372,6
6373,6
6374,6
6375,6
6376,6
6377,6
6378,6
6379,6
6380,6
6381,6
6382,6
6383,5
6384,6
6385,6
6386,6
6387,6
6388,6
6389,6
6390,6
6391,6
6392,6
6393,6
6394,6
6395,6
6396,6
6397,6
6398,6
6399,6
6400,6
6401,6
6402,6
6403,7
6404,6
6405,6
6406,6
6407,6
6408,7
6409,5
6410,6
6411,6
6412,6
6413,6
6414,5
6415,6
6416,6
6417,6
6418,6
6419,6
6420,6
6421,6
6422,6
6423,5
6424,7
6425,6
6426,6
6427,6
6428,6
6429,7
6430,5
6431,6
6432,6
6433,6
6434,7
6435,6
6436,6
6437,7
6438,6
6439,6
6440,5
6441,7
6442,6
6443,6
6444,6
6445,6
6446,5
6447,7
6448,6
6449,6
6450,6
6451,6
6452,7
6453,5
6454,6
6455,6
6456,6
6457,6
6458,5
6459,5
6460,6
6461,6
6462,6
6463,7
6464,6
6465,6
6466,6
6467,6
6468,6
6469,5
6470,6
6471,7
6472,5
6473,6
6474,6
6475,5
6476,6
6477,5
6478,6
6479,6
6480,6
6481,5
6482,6
6483,7
6484,6
6485,6
6486,6
6487,6
6488,6
6489,6
6490,6
6491,6
6492,6
6493,7
6494,6
6495,6
6496,6
6497,6
6498,6
6499,6
6500,6
6501,6
6502,6
6503,6
6504,6
6505,6
6506,6
6507,6
6508,7
6509,6
6510,6
6511,6
6512,6
6513,6
6514,6
6515,5
6516,6
6517,6
6518,6
6519,6
6520,7
6521,6
6522,6
6523,6
6524,6
6525,5
6526,7
6527,6
6528,6
6529,6
6530,6
6531,6
6532,6
6533,6
6534,6
6535,6
6536,6
6537,6
6538,5
6539,7
6540,6
6541,5
6542,6
6543,6
6544,7
6545,5
6546,6
6547,6
6548,6
6549,6
6550,5
6551,6
6552,6
6553,6
6554,5
6555,6
6556,6
6557,6
6558,7
6559,6
6560,5
6561,6
6562,6
6563,6
6564,5
6565,6
6566,6
6567,7
6568,6
6569,6
6570,6
6571,7
6572,7
6573,6
6574,7
6575,5
6576,7
6577,6
6578,6
6579,6
6580,6
6581,6
6582,6
6583,6
6584,6
6585,7
6586,7
6587,6
6588,7
6589,6
6590,5
6591,7
6592,7
6593,6
6594,5
6595,6
6596,6
6597,6
6598,6
6599,6
6600,6
6601,6
6602,6
6603,6
6604,5
6605,6
6606,6
6607,6
6608,6
6609,5
6610,6
6611,6
6612,6
6613,6
6614,6
6615,6
6616,6
6617,6
6618,6
6619,5
6620,5
6621,6
6622,6
6623,6
6624,6
6625,6
6626,6
6627,7
6628,5
6629,6
6630,6
6631,6
6632,6
6633,5
6634,7
6635,5
6636,7
6637,6
6638,6
6639,6
6640,6
6641,6
6642,6
6643,6
6644,6
6645,6
6646,6
6647,6
6648,6
6649,6
6650,6
6651,6
6652,7
6653,6
6654,6
6655,6
6656,6
6657,6
6658,7
6659,5
6660,6
6661,6
6662,7
6663,6
6664,6
6665,7
6666,6
6667,6
6668,6
6669,5
6670,6
6671,7
6672,5
6673,6
6674,6
6675,7
6676,5
6677,7
6678,6
6679,5
6680,6
6681,5
6682,5
6683,6
6684,6
6685,5
6686,6
6687,6
6688,6
6689,6
6690,6
6691,6
6692,6
6693,6
6694,6
6695,6
6696,6
6697,5
6698,6
6699,6
6700,6
6701,6
6702,6
6703,6
6704,6
6705,6
6706,6
6707,6
6708,6
6709,6
6710,6
6711,6
6712,6
6713,7
6714,5
6715,7
6716,7
6717,6
6718,6
6719,6
6720,7
6721,6
6722,6
6723,6
6724,6
6725,6
6726,6
6727,6
6728,6
6729,6
6730,6
6731,7
6732,5
6733,7
6734,6
6735,6
6736,6
6737,6
6738,6
6739,6
6740,7
6741,6
6742,6
6743,5
6744,6
6745,6
6746,6
6747,6
6748,5
6749,6
6750,6
6751,7
6752,6
6753,5
6754,7
6755,6
6756,6
6757,6
6758,6
6759,7
6760,6
6761,6
6762,6
6763,5
6764,6
6765,6
6766,7
6767,5
6768,6
6769,5
6770,6
6771,6
6772,6
6773,5
6774,7
6775,5
6776,6
6777,6
6778,6
6779,6
6780,6
6781,6
6782,6
6783,7
6784,6
6785,6
6786,6
6787,6
6788,5
6789,6
6790,7
6791,6
6792,5
6793,5
6794,6
6795,6
6796,7
6797,6
6798,5
6799,7
6800,5
6801,7
6802,6
6803,6
6804,6
6805,6
6806,6
6807,7
6808,5
6809,6
6810,6
6811,6
6812,6
6813,5
6814,6
6815,7
6816,6
6817,6
6818,6
6819,6
6820,6
6821,6
6822,5
6823,6
6824,6
6825,6
6826,6
6827,6
6828,6
6829,7
6830,6
6831,6
6832,6
6833,6
6834,6
6835,6
6836,6
6837,6
6838,6
6839,6
6840,6
6841,6
6842,6
6843,6
6844,6
6845,5
6846,7
6847,6
6848,6
6849,6
6850,6
6851,5
6852,6
6853,7
6854,6
6855,6
6856,6
6857,7
6858,6
6859,6
6860,5
6861,6
6862,6
6863,5
6864,6
6865,6
6866,6
6867,6
6868,5
6869,6
6870,6
6871,6
6872,6
6873,6
6874,6
6875,6
6876,6
6877,6
6878,6
6879,7
6880,6
6881,6
6882,6
6883,6
6884,6
6885,6
6886,6
6887,6
6888,6
6889,6
6890,6
6891,6
6892,6
6893,6
6894,6
6895,6
6896,6
6897,6
6898,6
6899,6
6900,6
6901,6
6902,5
6903,18
6904,6
6905,6
6906,5
6907,5
6908,6
6909,6
6910,6
6911,7
6912,5
6913,6
6914,6
6915,6
6916,6
6917,6
6918,6
6919,6
6920,6
6921,6
6922,7
6923,5
6924,7
6925,6
6926,5
6927,6
6928,6
6929,6
6930,5
6931,6
6932,7
6933,6
6934,6
6935,6
6936,5
6937,6
6938,6
6939,5
6940,5
6941,7
6942,6
6943,6
6944,6
6945,6
6946,6
6947,6
6948,6
6949,6
6950,6
6951,6
6952,6
6953,7
6954,6
6955,6
6956,6
6957,6
6958,6
6959,6
6960,6
6961,6
6962,7
6963,6
6964,5
6965,6
6966,6
6967,6
6968,6
6969,5
6970,6
6971,7
6972,6
6973,7
6974,6
6975,7
6976,6
6977,6
6978,6
6979,6
6980,6
6981,5
6982,7
6983,6
6984,6
6985,6
6986,6
6987,5
6988,7
6989,5
6990,6
6991,6
6992,6
6993,6
6994,7
6995,6
6996,6
6997,6
6998,6
6999,6
7000,6
7001,6
7002,6
7003,6
7004,6
7005,6
7006,6
7007,6
7008,6
7009,6
7010,6
7011,6
7012,6
7013,8
7014,5
7015,5
7016,7
7017,7
7018,6
7019,7
7020,5
7021,6
7022,6
7023,6
7024,6
7025,6
7026,6
7027,6
7028,6
7029,6
7030,7
7031,6
7032,5
7033,6
7034,7
7035,6
7036,7
7037,6
7038,6
7039,6
7040,7
7041,6
7042,5
7043,7
7044,6
7045,6
7046,7
7047,5
7048,6
7049,6
7050,6
7051,6
7052,5
7053,6
7054,6
7055,6
7056,6
7057,7
7058,6
7059,6
7060,6
7061,6
7062,6
7063,6
7064,5
7065,5
7066,7
7067,5
7068,6
7069,5
7070,7
7071,6
7072,5
7073,6
7074,6
7075,6
7076,6
7077,5
7078,7
7079,6
7080,6
7081,7
7082,6
7083,5
7084,6
7085,6
7086,6
7087,6
7088,5
7089,6
7090,7
7091,5
7092,7
7093,6
7094,5
7095,6
7096,6
7097,6
7098,6
7099,6
7100,6
7101,6
7102,7
7103,5
7104,7
7105,6
7106,5
7107,6
7108,6
7109,6
7110,6
7111,6
7112,5
7113,7
7114,6
7115,6
7116,6
7117,6
7118,6
7119,6
7120,6
7121,6
7122,6
7123,6
7124,5
7125,5
7126,5
7127,6
7128,6
7129,6
7130,6
7131,6
7132,6
7133,6
7134,6
7135,6
7136,6
7137,7
7138,6
7139,6
7140,6
7141,6
7142,5
7143,6
7144,6
7145,6
7146,6
7147,6
7148,5
7149,5
7150,6
7151,6
7152,6
7153,6
7154,6
7155,7
7156,5
7157,6
7158,6
7159,7
7160,7
7161,6
7162,6
7163,7
7164,6
7165,6
7166,6
7167,6
7168,5
7169,6
7170,6
7171,5
7172,7
7173,6
7174,6
7175,6
7176,6
7177,7
7178,6
7179,6
7180,6
7181,7
7182,5
7183,7
7184,6
7185,6
7186,6
7187,7
7188,6
7189,6
7190,6
7191,6
7192,5
7193,6
7194,6
7195,6
7196,6
7197,6
7198,6
7199,6
7200,6
7201,6
7202,6
7203,6
7204,6
7205,7
7206,6
7207,6
7208,7
7209,5
7210,7
7211,5
7212,6
7213,6
7214,5
7215,5
7216,7
7217,7
7218,6
7219,6
7220,5
7221,6
7222,7
7223,5
7224,6
7225,6
7226,6
7227,6
7228,6
7229,6
7230,6
7231,6
7232,7
7233,6
7234,7
7235,5
7236,7
7237,6
7238,6
7239,6
7240,6
7241,5
7242,6
7243,6
7244,6
7245,6
7246,6
7247,6
7248,5
7249,6
7250,6
7251,6
7252,6
7253,6
7254,6
7255,6
7256,6
7257,6
7258,6
7259,7
7260,6
7261,6
7262,6
7263,6
7264,6
7265,5
7266,6
7267,6
7268,5
7269,7
7270,5
7271,6
7272,6
7273,6
7274,6
7275,6
7276,6
7277,6
7278,7
7279,5
7280,6
7281,7
7282,5
7283,6
7284,6
7285,6
7286,6
7287,6
7288,6
7289,6
7290,6
7291,6
7292,6
7293,6
7294,5
7295,7
7296,6
7297,5
7298,6
7299,6
7300,6
7301,6
7302,7
7303,6
7304,6
7305,6
7306,7
7307,5
7308,6
7309,6
7310,6
7311,6
7312,6
7313,6
7314,6
7315,6
7316,6
7317,6
7318,5
7319,7
7320,6
7321,6
7322,6
7323,6
7324,7
7325,7
7326,5
7327,6
7328,5
7329,6
7330,6
7331,7
7332,6
7333,6
7334,6
7335,6
7336,6
7337,6
7338,7
7339,5
7340,6
7341,6
7342,6
7343,5
7344,6
7345,6
7346,5
7347,6
7348,6
7349,6
7350,7
7351,7
7352,6
7353,6
7354,7
7355,6
7356,6
7357,6
7358,6
7359,5
7360,6
7361,6
7362,6
7363,6
7364,6
7365,6
7366,7
7367,5
7368,5
7369,6
7370,6
7371,6
7372,6
7373,6
7374,6
7375,7
7376,6
7377,6
7378,5
7379,7
7380,5
7381,6
7382,6
7383,6
7384,6
7385,6
7386,6
7387,6
7388,6
7389,6
7390,6
7391,6
7392,6
7393,6
7394,6
7395,6
7396,6
7397,6
7398,5
7399,7
7400,6
7401,6
7402,6
7403,6
7404,6
7405,6
7406,6
7407,6
7408,6
7409,6
7410,6
7411,6
7412,5
7413,7
7414,5
7415,7
7416,5
7417,6
7418,6
7419,6
7420,7
7421,5
7422,6
7423,6
7424,6
7425,6
7426,6
7427,6
7428,6
7429,6
7430,5
7431,7
7432,5
7433,6
7434,6
7435,6
7436,5
7437,7
7438,6
7439,6
7440,6
7441,6
7442,6
7443,6
7444,6
7445,6
7446,7
7447,5
7448,6
7449,7
7450,6
7451,6
7452,6
7453,6
7454,7
7455,6
7456,5
7457,4
7458,5
7459,5
7460,7
7461,5
7462,6
7463,6
7464,5
7465,5
7466,6
7467,6
7468,6
7469,7
7470,6
7471,6
7472,6
7473,7
7474,6
7475,5
7476,6
7477,6
7478,7
7479,6
7480,6
7481,6
7482,6
7483,6
7484,6
7485,6
7486,5
7487,7
7488,6
7489,6
7490,6
7491,6
7492,6
7493,6
7494,6
7495,5
7496,6
7497,6
7498,6
7499,6
7500,6
7501,6
7502,6
7503,6
7504,6
7505,6
7506,6
7507,6
7508,7
7509,5
7510,6
7511,6
7512,6
7513,6
7514,6
7515,6
7516,6
7517,7
7518,6
7519,6
7520,6
7521,6
7522,6
7523,6
7524,6
7525,6
7526,7
7527,6
7528,6
7529,6
7530,5
7531,7
7532,6
7533,5
7534,6
7535,6
7536,6
7537,5
7538,7
7539,6
7540,5
7541,7
7542,6
7543,6
7544,6
7545,6
7546,6
7547,6
7548,6
7549,6
7550,6
7551,6
7552,7
7553,5
7554,7
7555,6
7556,5
7557,6
7558,6
7559,6
7560,6
7561,6
7562,6
7563,6
7564,5
7565,6
7566,6
7567,6
7568,7
7569,7
7570,7
7571,6
7572,5
7573,6
7574,6
7575,7
7576,6
7577,6
7578,6
7579,6
7580,6
7581,6
7582,6
7583,6
7584,6
7585,5
7586,7
7587,6
7588,6
7589,6
7590,7
7591,6
7592,6
7593,6
7594,6
7595,6
7596,6
7597,6
7598,6
7599,6
7600,6
7601,6
7602,6
7603,6
7604,7
7605,6
7606,6
7607,6
7608,6
7609,6
7610,6
7611,6
7612,6
7613,6
7614,6
7615,6
7616,6
7617,6
7618,6
7619,6
7620,6
7621,6
7622,6
7623,6
7624,6
7625,6
7626,6
7627,5
7628,6
7629,6
7630,7
7631,6
7632,5
7633,6
7634,6
7635,5
7636,6
7637,6
7638,6
7639,6
7640,6
7641,6
7642,6
7643,7
7644,6
7645,6
7646,7
7647,6
7648,6
7649,6
7650,6
7651,6
7652,6
7653,6
7654,6
7655,6
7656,6
7657,6
7658,6
7659,6
7660,6
7661,6
7662,6
7663,5
7664,6
7665,6
7666,6
7667,6
7668,6
7669,6
7670,5
7671,6
7672,6
7673,6
7674,6
7675,6
7676,6
7677,6
7678,13
7679,4
7680,7
7681,5
7682,6
7683,7
7684,7
7685,6
7686,6
7687,6
7688,6
7689,6
7690,5
7691,7
7692,5
7693,6
7694,7
7695,6
7696,6
7697,6
7698,6
7699,6
7700,5
7701,6
7702,6
7703,6
7704,6
7705,6
7706,7
7707,5
7708,6
7709,7
7710,5
7711,7
7712,6
7713,6
7714,6
7715,5
7716,6
7717,6
7718,6
7719,6
7720,6
7721,6
7722,6
7723,6
7724,6
7725,6
7726,7
7727,5
7728,6
7729,6
7730,6
7731,6
7732,6
7733,6
7734,6
7735,6
7736,6
7737,6
7738,6
7739,6
7740,6
7741,5
7742,6
7743,7
7744,7
7745,6
7746,6
7747,6
7748,6
7749,6
7750,6
7751,6
7752,7
7753,6
7754,5
7755,7
7756,5
7757,5
7758,7
7759,5
7760,6
7761,6
7762,6
7763,6
7764,7
7765,5
7766,7
7767,6
7768,6
7769,6
7770,6
7771,6
7772,5
7773,6
7774,6
7775,7
7776,6
7777,6
7778,6
7779,6
7780,6
7781,7
7782,6
7783,6
7784,6
7785,6
7786,6
7787,6
7788,5
7789,7
7790,5
7791,5
7792,6
7793,7
7794,5
7795,6
7796,5
7797,6
7798,6
7799,7
7800,6
7801,7
7802,6
7803,7
7804,6
7805,5
7806,6
7807,6
7808,6
7809,6
7810,6
7811,6
7812,6
7813,6
7814,6
7815,6
7816,6
7817,5
7818,6
7819,6
7820,6
7821,5
7822,7
7823,5
7824,6
7825,6
7826,6
7827,6
7828,7
7829,6
7830,7
7831,6
7832,6
7833,6
7834,6
7835,6
7836,6
7837,6
7838,5
7839,7
7840,6
7841,6
7842,6
7843,6
7844,6
7845,6
7846,6
7847,6
7848,6
7849,6
7850,6
7851,7
7852,6
7853,5
7854,5
7855,7
7856,5
7857,6
7858,5
7859,7
7860,6
7861,6
7862,5
7863,6
7864,5
7865,6
7866,6
7867,7
7868,6
7869,5
7870,7
7871,6
7872,6
7873,6
7874,6
7875,5
7876,7
7877,5
7878,6
7879,6
7880,6
7881,6
7882,5
7883,8
7884,6
7885,6
7886,6
7887,6
7888,6
7889,6
7890,6
7891,6
7892,5
7893,6
7894,6
7895,7
7896,5
7897,6
7898,6
7899,5
7900,5
7901,7
7902,6
7903,6
7904,6
7905,6
7906,6
7907,6
7908,7
7909,5
7910,5
7911,6
7912,6
7913,6
7914,5
7915,7
7916,6
7917,6
7918,6
7919,6
7920,6
7921,6
7922,6
7923,6
7924,6
7925,6
7926,6
7927,7
7928,6
7929,7
7930,5
7931,7
7932,5
7933,7
7934,6
7935,6
7936,6
7937,7
7938,5
7939,6
7940,5
7941,6
7942,6
7943,6
7944,6
7945,6
7946,6
7947,6
7948,6
7949,6
7950,6
7951,6
7952,6
7953,6
7954,6
7955,6
7956,6
7957,6
7958,6
7959,7
7960,5
7961,6
7962,6
7963,6
7964,6
7965,7
7966,6
7967,6
7968,6
7969,6
7970,6
7971,6
7972,6
7973,6
7974,7
7975,6
7976,6
7977,6
7978,6
7979,6
7980,6
7981,6
7982,6
7983,6
7984,6
7985,6
7986,6
7987,6
7988,5
7989,7
7990,6
7991,6
7992,6
7993,6
7994,5
7995,6
7996,5
7997,6
7998,6
7999,6
8000,6
8001,7
8002,5
8003,7
8004,6
8005,5
8006,6
8007,6
8008,6
8009,6
8010,7
8011,7
8012,4
8013,6
8014,5
8015,6
8016,6
8017,6
8018,6
8019,6
8020,6
8021,6
8022,6
8023,6
8024,6
8025,6
8026,6
8027,6
8028,5
8029,6
8030,6
8031,6
8032,6
8033,6
8034,6
8035,6
8036,7
8037,6
8038,6
8039,5
8040,6
8041,6
8042,6
8043,6
8044,6
8045,6
8046,6
8047,5
8048,6
8049,5
8050,6
8051,6
8052,6
8053,6
8054,6
8055,6
8056,6
8057,6
8058,6
8059,6
8060,6
8061,6
8062,6
8063,6
8064,6
8065,6
8066,6
8067,6
8068,6
8069,6
8070,6
8071,6
8072,6
8073,6
8074,7
8075,5
8076,6
8077,6
8078,6
8079,6
8080,6
8081,6
8082,6
8083,6
8084,6
8085,6
8086,6
8087,6
8088,6
8089,6
8090,6
8091,6
8092,6
8093,6
8094,6
8095,6
8096,6
8097,6
8098,6
8099,7
8100,6
8101,6
8102,6
8103,5
8104,7
8105,6
8106,6
8107,6
8108,6
8109,7
8110,6
8111,5
8112,7
8113,6
8114,6
8115,6
8116,6
8117,7
8118,6
8119,6
8120,6
8121,4
8122,10
8123,6
8124,6
8125,6
8126,6
8127,6
8128,6
8129,5
8130,6
8131,6
8132,6
8133,6
8134,5
8135,8
8136,5
8137,7
8138,6
8139,6
8140,6
8141,6
8142,6
8143,6
8144,6
8145,6
8146,6
8147,5
8148,6
8149,6
8150,6
8151,6
8152,6
8153,6
8154,6
8155,7
8156,5
8157,7
8158,6
8159,7
8160,6
8161,7
8162,6
8163,6
8164,6
8165,6
8166,6
8167,6
8168,6
8169,6
8170,6
8171,6
8172,6
8173,6
8174,6
8175,6
8176,6
8177,6
8178,6
8179,5
8180,7
8181,6
8182,6
8183,5
8184,6
8185,7
8186,5
8187,6
8188,6
8189,6
8190,7
8191,6
8192,5
8193,7
8194,6
8195,6
8196,6
8197,6
8198,6
8199,6
8200,6
8201,6
8202,6
8203,6
8204,6
8205,6
8206,6
8207,6
8208,6
8209,6
8210,5
8211,6
8212,7
8213,6
8214,5
8215,6
8216,7
8217,5
8218,6
8219,6
8220,5
8221,7
8222,5
8223,6
8224,6
8225,6
8226,6
8227,6
8228,6
8229,6
8230,6
8231,6
8232,6
8233,5
8234,4
8235,6
8236,6
8237,6
8238,5
8239,7
8240,6
8241,6
8242,7
8243,6
8244,6
8245,6
8246,6
8247,5
8248,6
8249,6
8250,6
8251,6
8252,6
8253,6
8254,6
8255,6
8256,5
8257,6
8258,6
8259,6
8260,6
8261,6
8262,7
8263,5
8264,6
8265,6
8266,6
8267,5
8268,6
8269,6
8270,6
8271,6
8272,5
8273,5
8274,6
8275,6
8276,6
8277,6
8278,6
8279,6
8280,6
8281,6
8282,6
8283,6
8284,6
8285,6
8286,6
8287,6
8288,6
8289,6
8290,6
8291,6
8292,6
8293,6
8294,6
8295,6
8296,6
8297,6
8298,6
8299,6
8300,6
8301,6
8302,5
8303,6
8304,7
8305,5
8306,6
8307,6
8308,6
8309,6
8310,6
8311,6
8312,6
8313,6
8314,6
8315,6
8316,6
8317,6
8318,6
8319,6
8320,6
8321,6
8322,6
8323,6
8324,6
8325,6
8326,7
8327,6
8328,6
8329,6
8330,6
8331,6
8332,7
8333,6
8334,6
8335,6
8336,6
8337,6
8338,6
8339,6
8340,5
8341,7
8342,5
8343,6
8344,7
8345,5
8346,6
8347,6
8348,6
8349,7
8350,5
8351,6
8352,6
8353,6
8354,5
8355,7
8356,6
8357,6
8358,5
8359,7
8360,6
8361,6
8362,6
8363,6
8364,6
8365,7
8366,6
8367,6
8368,6
8369,6
8370,6
8371,6
8372,7
8373,6
8374,6
8375,6
8376,6
8377,7
8378,6
8379,6
8380,6
8381,7
8382,6
8383,7
8384,5
8385,7
8386,6
8387,6
8388,6
8389,6
8390,6
8391,6
8392,6
8393,6
8394,6
8395,6
8396,6
8397,6
8398,7
8399,6
8400,6
8401,6
8402,6
8403,5
8404,7
8405,6
8406,6
8407,7
8408,6
8409,7
8410,7
8411,6
8412,7
8413,6
8414,6
8415,6
8416,6
8417,6
8418,6
8419,6
8420,6
8421,6
8422,6
8423,6
8424,6
8425,6
8426,6
8427,6
8428,6
8429,6
8430,6
8431,6
8432,6
8433,6
8434,6
8435,5
8436,7
8437,6
8438,6
8439,6
8440,6
8441,5
8442,6
8443,6
8444,6
8445,6
8446,7
8447,5
8448,7
8449,6
8450,6
8451,6
8452,6
8453,5
8454,9
8455,6
8456,7
8457,6
8458,6
8459,5
8460,7
8461,6
8462,6
8463,6
8464,6
8465,5
8466,7
8467,6
8468,6
8469,6
8470,6
8471,6
8472,6
8473,6
8474,6
8475,6
8476,6
8477,6
8478,7
8479,6
8480,6
8481,6
8482,5
8483,5
8484,7
8485,5
8486,5
8487,6
8488,6
8489,6
8490,5
8491,6
8492,6
8493,7
8494,5
8495,6
8496,6
8497,6
8498,6
8499,6
8500,6
8501,6
8502,6
8503,6
8504,6
8505,6
8506,6
8507,5
8508,6
8509,6
8510,6
8511,6
8512,6
8513,6
8514,6
8515,6
8516,6
8517,5
8518,5
8519,6
8520,4
8521,6
8522,5
8523,6
8524,6
8525,6
8526,6
8527,6
8528,6
8529,5
8530,7
8531,6
8532,6
8533,6
8534,6
8535,6
8536,6
8537,6
8538,6
8539,6
8540,6
8541,6
8542,6
8543,6
8544,6
8545,6
8546,6
8547,6
8548,5
8549,6
8550,6
8551,7
8552,5
8553,7
8554,6
8555,6
8556,6
8557,5
8558,6
8559,6
8560,6
8561,6
8562,6
8563,6
8564,7
8565,5
8566,4
8567,5
8568,6
8569,6
8570,6
8571,6
8572,6
8573,6
8574,6
8575,6
8576,7
8577,5
8578,6
8579,6
8580,6
8581,6
8582,6
8583,6
8584,6
8585,6
8586,5
8587,7
8588,5
8589,6
8590,6
8591,6
8592,6
8593,6
8594,7
8595,6
8596,6
8597,7
8598,6
8599,7
8600,6
8601,6
8602,6
8603,6
8604,6
8605,6
8606,6
8607,6
8608,6
8609,6
8610,6
8611,6
8612,6
8613,6
8614,6
8615,6
8616,6
8617,6
8618,6
8619,6
8620,6
8621,6
8622,6
8623,6
8624,6
8625,6
8626,6
8627,7
8628,5
8629,7
8630,6
8631,7
8632,6
8633,6
8634,6
8635,6
8636,6
8637,6
8638,6
8639,7
8640,5
8641,6
8642,6
8643,6
8644,6
8645,6
8646,6
8647,6
8648,6
8649,6
8650,6
8651,6
8652,6
8653,5
8654,7
8655,5
8656,7
8657,6
8658,6
8659,6
8660,6
8661,6
8662,6
8663,6
8664,6
8665,6
8666,6
8667,6
8668,6
8669,6
8670,6
8671,6
8672,6
8673,6
8674,5
8675,6
8676,8
8677,5
8678,6
8679,7
8680,6
8681,6
8682,6
8683,6
8684,7
8685,6
8686,6
8687,6
8688,6
8689,6
8690,5
8691,7
8692,5
8693,7
8694,6
8695,6
8696,6
8697,7
8698,5
8699,6
8700,7
8701,5
8702,6
8703,6
8704,6
8705,6
8706,6
8707,6
8708,6
8709,6
8710,6
8711,6
8712,5
8713,6
8714,6
8715,6
8716,6
8717,6
8718,6
8719,6
8720,6
8721,6
8722,6
8723,6
8724,6
8725,6
8726,6
8727,6
8728,6
8729,6
8730,6
8731,6
8732,6
8733,5
8734,7
8735,6
8736,6
8737,6
8738,5
8739,6
8740,7
8741,6
8742,5
8743,6
8744,6
8745,6
8746,6
8747,6
8748,6
8749,6
8750,6
8751,6
8752,5
8753,7
8754,6
8755,6
8756,6
8757,6
8758,6
8759,6
8760,6
8761,6
8762,6
8763,6
8764,6
8765,6
8766,6
8767,7
8768,5
8769,6
8770,6
8771,7
8772,5
8773,6
8774,7
8775,5
8776,6
8777,6
8778,7
8779,6
8780,6
8781,6
8782,6
8783,6
8784,6
8785,6
8786,7
8787,5
8788,7
8789,6
8790,6
8791,5
8792,6
8793,7
8794,6
8795,5
8796,6
8797,6
8798,6
8799,6
8800,6
8801,7
8802,6
8803,6
8804,5
8805,6
8806,6
8807,6
8808,6
8809,6
8810,5
8811,6
8812,6
8813,6
8814,7
8815,6
8816,6
8817,6
8818,6
8819,6
8820,6
8821,7
8822,5
8823,7
8824,6
8825,7
8826,5
8827,6
8828,6
8829,6
8830,6
8831,6
8832,6
8833,6
8834,6
8835,6
8836,6
8837,6
8838,6
8839,6
8840,6
8841,6
8842,6
8843,6
8844,7
8845,5
8846,6
8847,6
8848,6
8849,7
8850,6
8851,6
8852,6
8853,6
8854,6
8855,7
8856,6
8857,6
8858,6
8859,6
8860,5
8861,7
8862,6
8863,7
8864,5
8865,7
8866,5
8867,7
8868,5
8869,7
8870,6
8871,6
8872,6
8873,6
8874,6
8875,6
8876,6
8877,6
8878,6
8879,6
8880,6
8881,6
8882,6
8883,6
8884,6
8885,5
8886,6
8887,6
8888,6
8889,5
8890,6
8891,7
8892,5
8893,6
8894,6
8895,6
8896,6
8897,6
8898,6
8899,5
8900,6
8901,5
8902,6
8903,6
8904,6
8905,5
8906,6
8907,6
8908,6
8909,6
8910,5
8911,6
8912,6
8913,5
8914,6
8915,6
8916,7
8917,6
8918,6
8919,6
8920,6
8921,7
8922,7
8923,5
8924,6
8925,6
8926,5
8927,6
8928,6
8929,6
8930,6
8931,6
8932,6
8933,5
8934,6
8935,6
8936,6
8937,7
8938,6
8939,6
8940,6
8941,6
8942,6
8943,6
8944,6
8945,6
8946,6
8947,6
8948,6
8949,6
8950,6
8951,6
8952,6
8953,6
8954,6
8955,6
8956,6
8957,6
8958,6
8959,6
8960,6
8961,6
8962,6
8963,5
8964,6
8965,6
8966,6
8967,6
8968,6
8969,6
8970,6
8971,6
8972,6
8973,6
8974,5
8975,7
8976,5
8977,6
8978,6
8979,6
8980,6
8981,6
8982,5
8983,6
8984,6
8985,6
8986,6
8987,6
8988,6
8989,6
8990,6
8991,6
8992,6
8993,6
8994,6
8995,6
8996,7
8997,6
8998,6
8999,7
9000,6
9001,6
9002,6
9003,6
9004,6
9005,6
9006,6
9007,6
9008,6
9009,5
9010,4
9011,6
9012,7
9013,6
9014,6
9015,6
9016,6
9017,6
9018,6
9019,7
9020,6
9021,6
9022,6
9023,6
9024,6
9025,6
9026,6
9027,5
9028,6
9029,6
9030,6
9031,6
9032,6
9033,6
9034,5
9035,7
9036,6
9037,6
9038,6
9039,6
9040,6
9041,5
9042,6
9043,6
9044,6
9045,6
9046,5
9047,6
9048,6
9049,6
9050,5
9051,6
9052,6
9053,6
9054,6
9055,6
9056,6
9057,6
9058,7
9059,6
9060,6
9061,6
9062,6
9063,6
9064,6
9065,6
9066,6
9067,6
9068,6
9069,6
9070,6
9071,6
9072,5
9073,7
9074,6
9075,6
9076,6
9077,7
9078,5
9079,7
9080,6
9081,6
9082,6
9083,6
9084,6
9085,7
9086,6
9087,6
9088,6
9089,6
9090,5
9091,6
9092,7
9093,6
9094,6
9095,6
9096,6
9097,6
9098,6
9099,6
9100,6
9101,7
9102,5
9103,7
9104,5
9105,7
9106,5
9107,6
9108,6
9109,6
9110,6
9111,6
9112,6
9113,6
9114,6
9115,6
9116,7
9117,6
9118,6
9119,5
9120,7
9121,5
9122,7
9123,6
9124,6
9125,6
9126,6
9127,6
9128,6
9129,6
9130,6
9131,6
9132,7
9133,6
9134,6
9135,6
9136,6
9137,6
9138,7
9139,6
9140,7
9141,5
9142,6
9143,6
9144,7
9145,6
9146,6
9147,6
9148,6
9149,6
9150,6
9151,6
9152,7
9153,6
9154,6
9155,6
9156,6
9157,6
9158,7
9159,6
9160,7
9161,6
9162,6
9163,6
9164,6
9165,6
9166,6
9167,6
9168,5
9169,6
9170,6
9171,6
9172,6
9173,6
9174,6
9175,5
9176,7
9177,6
9178,6
9179,6
9180,6
9181,6
9182,7
9183,5
9184,7
9185,5
9186,7
9187,5
9188,6
9189,6
9190,5
9191,6
9192,6
9193,6
9194,6
9195,6
9196,5
9197,7
9198,5
9199,6
9200,6
9201,6
9202,7
9203,6
9204,6
9205,6
9206,6
9207,6
9208,6
9209,6
9210,6
9211,6
9212,6
9213,5
9214,6
9215,6
9216,7
9217,5
9218,6
9219,6
9220,6
9221,5
9222,6
9223,6
9224,6
9225,5
9226,6
9227,6
9228,6
9229,5
9230,7
9231,4
9232,5
9233,6
9234,6
9235,6
9236,6
9237,6
9238,6
9239,6
9240,6
9241,5
9242,6
9243,7
9244,5
9245,6
9246,5
9247,6
9248,6
9249,6
9250,6
9251,6
9252,6
9253,6
9254,6
9255,5
9256,6
9257,6
9258,6
9259,6
9260,6
9261,6
9262,7
9263,5
9264,6
9265,6
9266,6
9267,6
9268,6
9269,6
9270,6
9271,5
9272,6
9273,6
9274,6
9275,6
9276,6
9277,6
9278,6
9279,6
9280,6
9281,6
9282,6
9283,6
9284,6
9285,6
9286,6
9287,6
9288,6
9289,6
9290,6
9291,6
9292,6
9293,6
9294,6
9295,6
9296,6
9297,6
9298,5
9299,7
9300,6
9301,6
9302,7
9303,5
9304,6
9305,6
9306,6
9307,6
9308,6
9309,6
9310,6
9311,6
9312,6
9313,5
9314,7
9315,6
9316,5
9317,6
9318,6
9319,6
9320,6
9321,6
9322,6
9323,6
9324,7
9325,6
9326,6
9327,6
9328,7
9329,5
9330,6
9331,7
9332,6
9333,6
9334,6
9335,7
9336,6
9337,6
9338,6
9339,5
9340,6
9341,6
9342,6
9343,9
9344,6
9345,6
9346,6
9347,6
9348,7
9349,6
9350,6
9351,6
9352,6
9353,6
9354,6
9355,7
9356,5
9357,7
9358,6
9359,6
9360,6
9361,6
9362,5
9363,6
9364,6
9365,6
9366,6
9367,6
9368,6
9369,7
9370,6
9371,6
9372,6
9373,6
9374,5
9375,7
9376,5
9377,6
9378,6
9379,6
9380,6
9381,6
9382,6
9383,5
9384,7
9385,6
9386,6
9387,6
9388,6
9389,6
9390,6
9391,6
9392,6
9393,6
9394,7
9395,5
9396,6
9397,6
9398,6
9399,6
9400,6
9401,6
9402,6
9403,6
9404,6
9405,6
9406,6
9407,5
9408,7
9409,6
9410,6
9411,6
9412,5
9413,7
9414,5
9415,7
9416,6
9417,6
9418,6
9419,6
9420,6
9421,6
9422,6
9423,7
9424,6
9425,6
9426,5
9427,6
9428,7
9429,6
9430,6
9431,6
9432,6
9433,6
9434,6
9435,6
9436,5
9437,7
9438,5
9439,6
9440,6
9441,6
9442,6
9443,6
9444,6
9445,6
9446,6
9447,6
9448,6
9449,6
9450,6
9451,7
9452,6
9453,5
9454,7
9455,6
9456,6
9457,6
9458,6
9459,6
9460,6
9461,6
9462,6
9463,7
9464,5
9465,5
9466,7
9467,6
9468,6
9469,6
9470,6
9471,7
9472,6
9473,7
9474,5
9475,5
9476,7
9477,6
9478,5
9479,6
9480,6
9481,6
9482,6
9483,6
9484,6
9485,6
9486,7
9487,6
9488,6
9489,6
9490,7
9491,6
9492,6
9493,6
9494,6
9495,6
9496,6
9497,6
9498,6
9499,6
9500,6
9501,6
9502,7
9503,6
9504,5
9505,7
9506,6
9507,6
9508,5
9509,6
9510,7
9511,5
9512,6
9513,6
9514,6
9515,6
9516,7
9517,6
9518,6
9519,6
9520,6
9521,6
9522,6
9523,6
9524,5
9525,7
9526,6
9527,6
9528,6
9529,6
9530,6
9531,6
9532,5
9533,6
9534,6
9535,7
9536,6
9537,6
9538,5
9539,6
9540,6
9541,7
9542,5
9543,6
9544,6
9545,6
9546,7
9547,5
9548,7
9549,6
9550,6
9551,6
9552,6
9553,6
9554,6
9555,6
9556,5
9557,6
9558,6
9559,6
9560,6
9561,6
9562,6
9563,6
9564,10
9565,4
9566,7
9567,6
9568,6
9569,5
9570,6
9571,6
9572,6
9573,6
9574,6
9575,6
9576,6
9577,6
9578,6
9579,6
9580,6
9581,5
9582,6
9583,5
9584,6
9585,7
9586,6
9587,6
9588,6
9589,6
9590,6
9591,6
9592,6
9593,6
9594,6
9595,6
9596,5
9597,6
9598,6
9599,6
9600,5
9601,6
9602,6
9603,6
9604,6
9605,6
9606,6
9607,6
9608,6
9609,6
9610,6
9611,6
9612,6
9613,6
9614,5
9615,6
9616,7
9617,5
9618,6
9619,7
9620,6
9621,6
9622,6
9623,6
9624,7
9625,6
9626,5
9627,6
9628,6
9629,5
9630,6
9631,6
9632,6
9633,7
9634,6
9635,6
9636,6
9637,5
9638,6
9639,6
9640,6
9641,6
9642,7
9643,6
9644,6
9645,6
9646,6
9647,5
9648,6
9649,6
9650,7
9651,6
9652,6
9653,5
9654,7
9655,6
9656,6
9657,6
9658,6
9659,6
9660,5
9661,7
9662,5
9663,6
9664,5
9665,7
9666,6
9667,6
9668,7
9669,6
9670,6
9671,6
9672,6
9673,6
9674,5
9675,5
9676,6
9677,6
9678,5
9679,7
9680,6
9681,6
9682,6
9683,6
9684,6
9685,6
9686,6
9687,6
9688,6
9689,6
9690,6
9691,7
9692,6
9693,7
9694,6
9695,5
9696,6
9697,6
9698,6
9699,6
9700,6
9701,6
9702,6
9703,7
9704,5
9705,7
9706,6
9707,6
9708,7
9709,4
9710,7
9711,6
9712,6
9713,7
9714,5
9715,6
9716,6
9717,6
9718,6
9719,6
9720,6
9721,6
9722,6
9723,6
9724,6
9725,6
9726,6
9727,6
9728,6
9729,7
9730,5
9731,6
9732,6
9733,6
9734,6
9735,6
9736,6
9737,6
9738,7
9739,6
9740,6
9741,5
9742,6
9743,5
9744,7
9745,6
9746,7
9747,6
9748,6
9749,6
9750,5
9751,5
9752,7
9753,6
9754,6
9755,6
9756,6
9757,6
9758,6
9759,6
9760,6
9761,6
9762,6
9763,5
9764,7
9765,6
9766,5
9767,6
9768,7
9769,5
9770,6
9771,7
9772,6
9773,6
9774,6
9775,5
9776,6
9777,6
9778,6
9779,6
9780,6
9781,6
9782,6
9783,5
9784,6
9785,5
9786,6
9787,5
9788,6
9789,7
9790,5
9791,7
9792,6
9793,6
9794,6
9795,6
9796,6
9797,6
9798,6
9799,6
9800,6
9801,6
9802,6
9803,6
9804,6
9805,7
9806,6
9807,6
9808,6
9809,6
9810,6
9811,6
9812,6
9813,6
9814,6
9815,6
9816,6
9817,5
9818,7
9819,6
9820,6
9821,6
9822,6
9823,6
9824,6
9825,6
9826,6
9827,6
9828,6
9829,6
9830,6
9831,6
9832,6
9833,6
9834,6
9835,6
9836,6
9837,6
9838,6
9839,6
9840,6
9841,6
9842,7
9843,5
9844,6
9845,6
9846,6
9847,6
9848,6
9849,6
9850,7
9851,5
9852,7
9853,7
9854,5
9855,6
9856,6
9857,6
9858,6
9859,6
9860,6
9861,6
9862,6
9863,6
9864,6
9865,6
9866,7
9867,6
9868,6
9869,6
9870,6
9871,7
9872,6
9873,6
9874,6
9875,6
9876,6
9877,7
9878,6
9879,5
9880,6
9881,6
9882,6
9883,6
9884,5
9885,7
9886,6
9887,6
9888,6
9889,6
9890,6
9891,6
9892,5
9893,7
9894,7
9895,6
9896,6
9897,6
9898,7
9899,6
9900,5
9901,6
9902,5
9903,6
9904,5
9905,6
9906,6
9907,6
9908,7
9909,6
9910,5
9911,7
9912,5
9913,6
9914,6
9915,6
9916,5
9917,6
9918,6
9919,6
9920,6
9921,6
9922,6
9923,6
9924,6
9925,6
9926,6
9927,6
9928,6
9929,6
9930,6
9931,6
9932,6
9933,5
9934,6
9935,6
9936,6
9937,6
9938,6
9939,6
9940,6
9941,6
9942,6
9943,6
9944,6
9945,6
9946,6
9947,6
9948,6
9949,6
9950,6
9951,6
9952,7
9953,5
9954,6
9955,6
9956,6
9957,6
9958,5
9959,6
9960,6
9961,6
9962,7
9963,5
9964,6
9965,5
9966,6
9967,6
9968,6
9969,6
9970,6
9971,6
9972,7
9973,6
9974,6
9975,6
9976,6
9977,6
9978,5
9979,6
9980,5
9981,7
9982,5
9983,6
9984,6
9985,6
9986,6
9987,5
9988,6
9989,6
9990,6
9991,7
9992,6
9993,5
9994,7
9995,6
9996,6
9997,6
9998,6
9999,6
10000,6
10001,6
10002,6
10003,6
10004,6
10005,5
10006,5
10007,6
10008,6
10009,6
10010,6
10011,6
10012,7
10013,6
10014,6
10015,7
10016,6
10017,6
10018,6
10019,6
10020,5
10021,6
10022,6
10023,6
10024,6
10025,6
10026,6
10027,6
10028,6
10029,6
10030,6
10031,6
10032,6
10033,6
10034,6
10035,5
10036,6
10037,6
10038,7
10039,6
10040,6
10041,7
10042,6
10043,5
10044,6
10045,6
10046,7
10047,6
10048,6
10049,6
10050,6
10051,6
10052,6
10053,6
10054,6
10055,6
10056,6
10057,6
10058,5
10059,7
10060,5
10061,6
10062,6
10063,6
10064,6
10065,6
10066,6
10067,6
10068,7
10069,5
10070,7
10071,6
10072,6
10073,5
10074,7
10075,7
10076,5
10077,7
10078,6
10079,6
10080,6
10081,5
10082,6
10083,6
10084,6
10085,6
10086,6
10087,6
10088,6
10089,6
10090,7
10091,6
10092,6
10093,6
10094,6
10095,6
10096,6
10097,6
10098,7
10099,6
10100,6
10101,6
10102,5
10103,6
10104,7
10105,6
10106,6
10107,6
10108,6
10109,6
10110,6
10111,6
10112,6
10113,6
10114,6
10115,5
10116,5
10117,6
10118,6
10119,6
10120,6
10121,5
10122,5
10123,7
10124,6
10125,6
10126,6
10127,7
10128,6
10129,6
10130,7
10131,6
10132,6
10133,6
10134,6
10135,6
10136,7
10137,5
10138,7
10139,6
10140,6
10141,6
10142,6
10143,7
10144,6
10145,6
10146,6
10147,6
10148,6
10149,6
10150,5
10151,7
10152,6
10153,7
10154,6
10155,6
10156,5
10157,6
10158,7
10159,6
10160,6
10161,5
10162,6
10163,6
10164,6
10165,6
10166,6
10167,7
10168,5
10169,7
10170,7
10171,5
10172,5
10173,7
10174,6
10175,6
10176,6
10177,7
10178,5
10179,6
10180,6
10181,6
10182,6
10183,5
10184,6
10185,6
10186,6
10187,5
10188,7
10189,6
10190,6
10191,6
10192,6
10193,6
10194,5
10195,6
10196,6
10197,6
10198,6
10199,5
10200,6
10201,6
10202,7
10203,6
10204,6
10205,6
10206,6
10207,6
10208,5
10209,6
10210,7
10211,6
10212,7
10213,5
10214,6
10215,6
10216,6
10217,6
10218,6
10219,6
10220,6
10221,6
10222,6
10223,6
10224,6
10225,6
10226,7
10227,9
10228,6
10229,6
10230,6
10231,6
10232,6
10233,7
10234,6
10235,6
10236,6
10237,6
10238,6
10239,5
10240,6
10241,6
10242,6
10243,5
10244,6
10245,6
10246,6
10247,5
10248,7
10249,6
10250,6
10251,5
10252,6
10253,6
10254,6
10255,6
10256,5
10257,7
10258,6
10259,5
10260,6
10261,6
10262,7
10263,5
10264,5
10265,6
10266,5
10267,7
10268,7
10269,6
10270,5
10271,6
10272,6
10273,7
10274,6
10275,6
10276,6
10277,6
10278,6
10279,6
10280,7
10281,5
10282,6
10283,6
10284,6
10285,6
10286,6
10287,7
10288,5
10289,6
10290,6
10291,6
10292,7
10293,6
10294,6
10295,6
10296,6
10297,7
10298,6
10299,5
10300,6
10301,7
10302,6
10303,6
10304,6
10305,7
10306,6
10307,6
10308,6
10309,6
10310,7
10311,6
10312,6
10313,6
10314,5
10315,6
10316,6
10317,6
10318,6
10319,7
10320,5
10321,6
10322,6
10323,6
10324,6
10325,6
10326,6
10327,6
10328,6
10329,6
10330,6
10331,6
10332,6
10333,6
10334,6
10335,6
10336,5
10337,5
10338,6
10339,6
10340,6
10341,6
10342,6
10343,6
10344,6
10345,6
10346,6
10347,6
10348,6
10349,6
10350,6
10351,6
10352,7
10353,6
10354,6
10355,6
10356,6
10357,6
10358,5
10359,7
10360,6
10361,6
10362,6
10363,6
10364,6
10365,5
10366,7
10367,6
10368,6
10369,6
10370,6
10371,5
10372,7
10373,5
10374,7
10375,5
10376,6
10377,6
10378,6
10379,6
10380,6
10381,6
10382,6
10383,6
10384,6
10385,6
10386,5
10387,6
10388,6
10389,5
10390,6
10391,6
10392,6
10393,6
10394,6
10395,5
10396,6
10397,6
10398,6
10399,7
10400,5
10401,6
10402,6
10403,6
10404,6
10405,6
10406,6
10407,6
10408,6
10409,6
10410,6
10411,6
10412,6
10413,6
10414,6
10415,6
10416,6
10417,6
10418,6
10419,5
10420,6
10421,6
10422,6
10423,6
10424,6
10425,6
10426,6
10427,6
10428,5
10429,6
10430,6
10431,6
10432,6
10433,6
10434,7
10435,5
10436,6
10437,6
10438,6
10439,6
10440,6
10441,6
10442,6
10443,6
10444,6
10445,6
10446,5
10447,5
10448,6
10449,6
10450,7
10451,5
10452,6
10453,6
10454,6
10455,6
10456,6
10457,5
10458,6
10459,6
10460,6
10461,6
10462,6
10463,6
10464,6
10465,6
10466,6
10467,7
10468,5
10469,6
10470,7
10471,5
10472,7
10473,6
10474,6
10475,6
10476,6
10477,6
10478,6
10479,6
10480,6
10481,6
10482,6
10483,7
10484,6
10485,6
10486,6
10487,6
10488,6
10489,7
10490,6
10491,6
10492,6
10493,6
10494,7
10495,6
10496,7
10497,6
10498,6
10499,7
10500,6
10501,6
10502,5
10503,6
10504,6
10505,7
10506,6
10507,6
10508,6
10509,6
10510,6
10511,6
10512,5
10513,5
10514,5
10515,6
10516,6
10517,6
10518,5
10519,6
10520,6
10521,6
10522,7
10523,5
10524,6
10525,6
10526,6
10527,6
10528,6
10529,6
10530,7
10531,5
10532,7
10533,5
10534,7
10535,6
10536,6
10537,6
10538,7
10539,6
10540,6
10541,6
10542,6
10543,6
10544,5
10545,7
10546,6
10547,6
10548,6
10549,6
10550,6
10551,6
10552,6
10553,6
10554,7
10555,5
10556,6
10557,6
10558,6
10559,6
10560,6
10561,6
10562,6
10563,6
10564,6
10565,6
10566,6
10567,6
10568,7
10569,6
10570,6
10571,6
10572,6
10573,5
10574,6
10575,6
10576,6
10577,6
10578,7
10579,5
10580,6
10581,6
10582,6
10583,5
10584,6
10585,6
10586,6
10587,6
10588,6
10589,6
10590,6
10591,6
10592,6
10593,6
10594,6
10595,6
10596,6
10597,6
10598,5
10599,6
10600,5
10601,6
10602,6
10603,6
10604,5
10605,5
10606,6
10607,6
10608,5
10609,5
10610,5
10611,5
10612,6
10613,9
10614,5
10615,6
10616,4
10617,5
10618,6
10619,5
10620,5
10621,5
10622,7
10623,12
10624,4
10625,6
10626,5
10627,7
10628,4
10629,6
10630,4
10631,6
10632,6
10633,5
10634,5
10635,6
10636,6
10637,6
10638,5
10639,6
10640,6
10641,5
10642,5
10643,10
10644,6
10645,5
10646,5
10647,5
10648,6
10649,6
10650,6
10651,6
10652,6
10653,6
10654,6
10655,6
10656,6
10657,6
10658,6
10659,6
10660,5
10661,5
10662,5
10663,6
10664,4
10665,9
10666,4
10667,5
10668,6
10669,6
10670,6
10671,6
10672,6
10673,6
10674,6
10675,6
10676,6
10677,6
10678,6
10679,5
10680,6
10681,6
10682,6
10683,6
10684,6
10685,5
10686,5
10687,6
10688,6
10689,6
10690,6
10691,6
10692,7
10693,6
10694,6
10695,6
10696,5
10697,5
10698,6
10699,5
10700,5
10701,5
10702,5
10703,7
10704,4
10705,5
10706,7
10707,5
10708,5
10709,5
10710,6
10711,4
10712,13
10713,5
10714,5
10715,8
10716,8
10717,7
10718,10
10719,7
10720,5
10721,5
10722,7
10723,5
10724,5
10725,8
10726,6
10727,9
10728,4
10729,5
10730,6
10731,8
10732,4
10733,5
10734,5
10735,5
10736,12
10737,4
10738,8
10739,7
10740,5
10741,6
10742,6
10743,6
10744,6
10745,5
10746,6
10747,6
10748,5
10749,6
10750,7
10751,6
10752,6
10753,5
10754,6
10755,6
10756,8
10757,4
10758,7
10759,5
10760,6
10761,5
10762,4
10763,14
10764,10
10765,8
10766,8
10767,5
10768,8
10769,4
10770,5
10771,7
10772,5
10773,8
10774,5
10775,5
10776,4
10777,11
10778,5
